931361.4182900701 1929856.0328059983 0
931361.3710084803 1929855.667058283 0
931361.3063811016 1929855.3458331123 0
931361.2058778922 1929854.9694273772 0
931361.0695899439 1929854.54893536 0
931360.9431591271 1929854.2504077235 0
931360.807873217 1929853.9519527985 0
931360.6548771227 1929853.6536432956 0
931360.4839886463 1929853.3332906563 0
931360.2774976103 1929852.991040303 0
931360.0264578208 1929852.6158706667 0
931359.7664718245 1929852.2296794693 0
931359.4887756237 1929851.8436337023 0
931359.1932781219 1929851.4466390882 0
931358.8710331215 1929851.0276740585 0
931358.5664982705 1929850.6085636178 0
931358.2884375628 1929850.1781407692 0
931358.0190497204 1929849.7254566539 0
931357.8025191004 1929849.2390534251 0
931357.621773229 1929848.7967364697 0
931357.5395265733 1929848.4867510353 0
931357.4482426192 1929848.1546497564 0
931357.3921057276 1929847.7889747787 0
931357.371298109 1929847.4119146662 0
931357.3677451732 1929846.9792377236 0
931357.3815380242 1929846.5020382332 0
931357.3963329869 1929846.1468758278 0
931357.4110368505 1929845.7806191419 0
931357.4169767206 1929845.42552945 0
931357.422825493 1929845.0593454796 0
931357.4288564657 1929844.715350069 0
931357.4256679392 1929844.3270502517 0
931357.404495913 1929843.905613018 0
931357.3390483966 1929843.4845393542 0
931357.2559817756 1929843.074705401 0
931357.128912955 1929842.6985178594 0
931356.9756432283 1929842.3669255835 0
931356.8050276985 1929842.0798558611 0
931356.617066362 1929841.837308692 0
931356.3489536003 1929841.5399445593 0
931356.072350131 1929841.2870302706 0
931355.6983405317 1929841.034915862 0
931355.3959005496 1929840.870973985 0
931355.1025889656 1929840.7402422456 0
931354.8093684764 1929840.620604797 0
931354.4720546808 1929840.5235195027 0
931354.0903742624 1929840.4157035267 0
931353.6820374234 1929840.2970114404 0
931353.2383712716 1929840.1897045278 0
931352.7591024846 1929840.0604999515 0
931352.2885065717 1929839.9090341222 0
931351.853239942 1929839.7461831595 0
931351.4444474936 1929839.5720197798 0
931351.053183015 1929839.3755224182 0
931350.6883016094 1929839.156618351 0
931350.3411303884 1929838.9375688587 0
931350.0202511302 1929838.6850183727 0
931349.690425638 1929838.4214463402 0
931349.3602356799 1929838.1134972007 0
931349.0031159376 1929837.7613891182 0
931348.636958834 1929837.3871652135 0
931348.2706194746 1929836.990752763 0
931347.9133174103 1929836.616456166 0
931347.5648704225 1929836.2420868597 0
931347.1990776472 1929835.9122401383 0
931346.8425044056 1929835.6266978297 0
931346.5129520377 1929835.396408763 0
931346.1836729978 1929835.1994025502 0
931345.8547584055 1929835.0467734728 0
931345.5438273647 1929834.9272817974 0
931345.233078548 1929834.829978693 0
931344.8249235377 1929834.7334755966 0
931344.3814392042 1929834.6483577099 0
931343.9383193324 1929834.6076169661 0
931343.5838416576 1929834.5772432466 0
931343.1763244497 1929834.5584001925 0
931342.733477928 1929834.5509423544 0
931342.2463558656 1929834.5438481905 0
931341.715231624 1929834.5704005458 0
931341.1488691955 1929834.6194324186 0
931340.5472685874 1929834.6909438171 0
931340.2287580713 1929834.7268449953 0
931339.9191937892 1929834.7737677363 0
931339.6009566509 1929834.8429517804 0
931339.2915746253 1929834.9120631046 0
931338.9557184069 1929834.992486918 0
931338.6376635351 1929835.083859561 0
931338.3108446884 1929835.1863992298 0
931338.0105911711 1929835.2887207093 0
931337.7104287875 1929835.4021364786 0
931337.4192126481 1929835.5265738072 0
931337.1192325333 1929835.6621781613 0
931336.8369626459 1929835.7976370556 0
931336.5548750216 1929835.955284519 0
931336.043648186 1929836.2479544983 0
931335.5680240706 1929836.5625221233 0
931335.1542945992 1929836.8654863338 0
931334.7760767092 1929837.1792538974 0
931334.3806042933 1929837.548638357 0
931334.0030243848 1929837.9400659204 0
931333.6167716744 1929838.353754801 0
931333.4149269274 1929838.5773134094 0
931333.2130821912 1929838.8008720223 0
931333.011328599 1929839.0355249206 0
931332.8007199151 1929839.2702505642 0
931332.5902023767 1929839.516070492 0
931332.3620657796 1929839.7731301894 0
931332.1249829603 1929840.019168352 0
931331.8880824219 1929840.2873950817 0
931331.6423267992 1929840.5556945603 0
931331.4140079898 1929840.7905657224 0
931331.1505421929 1929841.0590106982 0
931330.8961137878 1929841.3495715028 0
931330.6151200966 1929841.640350541 0
931330.3605094549 1929841.9087228007 0
931330.1323729903 1929842.1657825601 0
931329.9042365421 1929842.422842326 0
931329.6849552075 1929842.6798293558 0
931329.4220363535 1929843.0148400734 0
931329.2385399997 1929843.315913264 0
931329.0817912291 1929843.6389567908 0
931328.9256804433 1929844.0396602857 0
931328.8574826783 1929844.3619763788 0
931328.8072685319 1929844.7174298253 0
931328.8010564565 1929845.0392367116 0
931328.831267299 1929845.4827897106 0
931328.8869497607 1929845.7929931083 0
931328.9870899773 1929846.1250213492 0
931329.1137954725 1929846.4568313586 0
931329.2668839693 1929846.7662345779 0
931329.455575108 1929847.0975353895 0
931329.6618852876 1929847.4175964382 0
931329.9212348766 1929847.7261267528 0
931330.2162782348 1929848.0676489468 0
931330.5556881727 1929848.4199017207 0
931330.921754497 1929848.7830305644 0
931331.3235145689 1929849.1791512996 0
931331.743075922 1929849.5862208537 0
931331.9661847885 1929849.7951936675 0
931332.1894759126 1929850.0263550489 0
931332.4039119332 1929850.2575891772 0
931332.627385303 1929850.510939131 0
931332.8508586572 1929850.7642890909 0
931333.0745142644 1929851.0398276194 0
931333.298169857 1929851.3153661531 0
931333.5131526105 1929851.6131659944 0
931333.737081571 1929851.921987382 0
931333.9521554258 1929852.2308815143 0
931334.1762666176 1929852.561891476 0
931334.400377792 1929852.8929014418 0
931334.6334351683 1929853.2349329586 0
931334.8754387469 1929853.5879860234 0
931335.1085872157 1929853.941111832 0
931335.3683009285 1929854.2940194386 0
931335.6192506608 1929854.658094068 0
931335.8790554578 1929855.0220959694 0
931336.1654254923 1929855.3858796684 0
931336.4517955023 1929855.7496633788 0
931336.7559667842 1929856.124395908 0
931337.0512829565 1929856.4992011818 0
931337.3640358881 1929856.8405781535 0
931337.6856438782 1929857.181882403 0
931337.9983056317 1929857.5121651175 0
931338.3285864006 1929857.8312080936 0
931338.6587760183 1929858.1391568026 0
931338.9977295711 1929858.4359385103 0
931339.3278280151 1929858.7327929642 0
931339.6665992683 1929859.007386136 0
931340.0141344565 1929859.2708123103 0
931340.3527234198 1929859.523216948 0
931340.7001674414 1929859.7755488676 0
931341.0474291961 1929860.005692239 0
931341.4035460145 1929860.2357628953 0
931341.7507166084 1929860.4548120156 0
931342.0977960624 1929860.662766868 0
931342.4448754989 1929860.8707217376 0
931342.7918637996 1929861.067582337 0
931343.1388520815 1929861.2644429528 0
931343.4858403469 1929861.4613035813 0
931343.8238823996 1929861.6471426743 0
931344.1707795138 1929861.83290905 0
931344.5088215335 1929862.0187481686 0
931344.8467724202 1929862.1934930196 0
931345.1935783732 1929862.3681651582 0
931345.540293192 1929862.531743029 0
931345.8691156078 1929862.6732778053 0
931346.1446253125 1929862.7930603859 0
931346.4377540465 1929862.9016032473 0
931346.8371437092 1929863.009273413 0
931347.2007485891 1929863.0728573722 0
931347.6526309 1929863.102431264 0
931347.9890327398 1929863.0885734651 0
931348.2898320431 1929863.052818013 0
931348.5995775395 1929863.028084129 0
931348.9444700102 1929862.9697765203 0
931349.3246005744 1929862.8889894777 0
931349.740151457 1929862.8079115618 0
931350.199795515 1929862.7042814968 0
931350.6948598983 1929862.6003605723 0
931351.2251623867 1929862.4739602357 0
931351.7820301253 1929862.3473417705 0
931352.0825561434 1929862.2783036118 0
931352.3919372447 1929862.2091927463 0
931352.7013183509 1929862.1400818916 0
931353.0195545405 1929862.0708983305 0
931353.346554707 1929861.9905477816 0
931353.6825010669 1929861.9212188087 0
931354.0273025085 1929861.8518171331 0
931354.3721950608 1929861.7935097502 0
931354.7256693844 1929861.7018468245 0
931355.0970360797 1929861.6322270418 0
931355.4771667562 1929861.5514402795 0
931355.8572063386 1929861.4595592527 0
931356.2461921109 1929861.3786998081 0
931356.6351778904 1929861.2978403827 0
931357.0417827319 1929861.2057412677 0
931357.457242666 1929861.1135694564 0
931357.8726115059 1929861.0103033863 0
931358.2967443352 1929860.8958703424 0
931358.6943119339 1929860.7816554592 0
931359.1004613283 1929860.6340850396 0
931359.4977556565 1929860.4865873512 0
931359.8947767045 1929860.30580684 0
931360.2561952501 1929860.1031286311 0
931360.5905930857 1929859.8451971645 0
931360.8715871656 1929859.5544191322 0
931361.1082147617 1929859.2529103784 0
931361.3005669619 1929858.9517651796 0
931361.5352815784 1929858.417276543 0
931361.6460250659 1929857.883805846 0
931361.6957850301 1929857.4728812024 0
931361.6957850301 1929857.4728812024 0
931361.6538411457 1929857.3017617352 0
931361.6118972612 1929857.130642268 0
931361.5699533768 1929856.959522801 0
931361.5280094923 1929856.7884033339 0
931361.486065608 1929856.6172838667 0
931361.4441217235 1929856.4461643996 0
931361.4021778391 1929856.2750449325 0
931361.3602339546 1929856.1039254654 0
931361.3182900702 1929855.9328059983 0
