931388.4618633514 1929870.9333165144 1
931388.3098702111 1929870.7570436047 1
931388.1667321357 1929870.5806980173 1
931388.0235940521 1929870.4043524296 1
931387.8537996954 1929870.217130612 1
931387.7196987913 1929870.0629009104 1
931387.5409582896 1929869.864657499 1
931387.4067663124 1929869.6993335208 1
931387.2637192621 1929869.5340822288 1
931387.0761236659 1929869.3359115096 1
931386.9063292666 1929869.148689709 1
931386.7277708494 1929868.9726348778 1
931386.5759597652 1929868.8185505602 1
931386.4063474681 1929868.6535173329 1
931386.2099878241 1929868.4665135965 1
931385.986789766 1929868.2464450737 1
931385.7547366245 1929868.0264492405 1
931385.531629607 1929867.8174750106 1
931385.2996675061 1929867.6085734728 1
931385.0854155386 1929867.3995265698 1
931384.8623995505 1929867.2016466388 1
931384.657093702 1929867.0036213438 1
931384.4429327686 1929866.8056687382 1
931384.228771825 1929866.6077161385 1
931384.0234659425 1929866.4096908576 1
931383.8180689885 1929866.2005713019 1
931383.6127630887 1929866.0025460315 1
931383.4073661099 1929865.793426485 1
931383.2108241998 1929865.5842342568 1
931382.9965721286 1929865.3751874082 1
931382.7911751214 1929865.1660678764 1
931382.5855959682 1929864.9347597882 1
931382.3801078717 1929864.7145459873 1
931382.165582552 1929864.4722163165 1
931381.9511482887 1929864.240980932 1
931381.7277678684 1929863.99872396 1
931381.5132425118 1929863.7563943064 1
931381.2721519106 1929863.5142827225 1
931381.0487714515 1929863.2720257696 1
931380.8166269728 1929863.0409357923 1
931380.5843914106 1929862.7987515396 1
931380.3522469059 1929862.567661575 1
931380.1111562371 1929862.3255500244 1
931379.8789206349 1929862.0833657929 1
931379.6378299408 1929861.8412542564 1
931379.3967392328 1929861.5991427263 1
931379.1555574363 1929861.3459369233 1
931378.9056116211 1929861.103898099 1
931378.6645208709 1929860.8617865902 1
931378.4145750271 1929860.61974778 1
931378.1645380927 1929860.3666146963 1
931377.9234473 1929860.12450321 1
931377.6912115738 1929859.8823190364 1
931377.4678309128 1929859.640062177 1
931377.2356862372 1929859.4089722969 1
931377.0123966257 1929859.1778097302 1
931376.7978710101 1929858.935480196 1
931376.5835275338 1929858.7153392269 1
931376.3780391283 1929858.4951255694 1
931376.1636956297 1929858.2749846124 1
931375.9582072024 1929858.0547709663 1
931375.7616649261 1929857.8455789094 1
931375.5651226355 1929857.6363868597 1
931375.3685803374 1929857.4271948126 1
931375.180893115 1929857.2179300776 1
931374.9932058812 1929857.008665344 1
931374.805609716 1929856.8104948958 1
931374.618013542 1929856.612324452 1
931374.4391813672 1929856.4029870369 1
931374.2515851755 1929856.2048165994 1
931374.0728440619 1929856.0065734717 1
931373.8941940146 1929855.819424629 1
931373.7155439638 1929855.6322757883 1
931373.5456579085 1929855.4339599756 1
931373.366916762 1929855.2357168607 1
931373.1882666848 1929855.0485680336 1
931373.0183806053 1929854.8502522307 1
931372.8397305144 1929854.6631034093 1
931372.6609893326 1929854.4648603115 1
931372.4823392234 1929854.2777114962 1
931372.3037801898 1929854.1016569682 1
931372.1338940703 1929853.903341183 1
931371.972954114 1929853.7160469827 1
931371.7942128916 1929853.517803904 1
931371.6244178305 1929853.3305824085 1
931371.445676594 1929853.132339337 1
931371.2757904348 1929852.9340235686 1
931371.0970491795 1929852.7357805027 1
931370.9271630063 1929852.5374647423 1
931370.7484217343 1929852.3392216833 1
931370.5696804539 1929852.1409786302 1
931370.3997942563 1929851.942662879 1
931370.2210529592 1929851.744419832 1
931370.0511667455 1929851.5461040894 1
931369.8723343451 1929851.336766769 1
931369.702448115 1929851.1384510326 1
931369.5325618768 1929850.9401352997 1
931369.3625845433 1929850.7307252898 11
931369.1926072013 1929850.521315283 11
931369.0138658457 1929850.3230722607 11
931368.8438884892 1929850.1136622622 11
931368.6651471168 1929849.9154192486 11
931368.4952608296 1929849.7171035355 11
931368.316428354 1929849.5077662477 11
931368.1465420504 1929849.3094505433 11
931367.9678006422 1929849.1112075439 11
931367.7890592301 1929848.912964548 11
931367.6102267223 1929848.7036272758 11
931367.4403403836 1929848.5053115846 11
931367.261598944 1929848.3070686 11
931367.091712589 1929848.108752916 11
931366.9217351401 1929847.8993429544 11
931366.7518487691 1929847.7010272776 11
931366.5818713036 1929847.4916173222 11
931366.4118938274 1929847.2822073712 11
931366.2508625261 1929847.0838190005 11
931366.0898312195 1929846.8854306315 11
931365.9287088135 1929846.6759479858 11
931365.7764414968 1929846.4663926365 11
931365.6153190774 1929846.2569099967 11
931365.4541966477 1929846.047427359 11
931365.29307421 1929845.8379447262 11
931365.1408068624 1929845.6283893897 11
931364.9974856941 1929845.429855631 11
931364.8542556077 1929845.242416155 11
931364.7110255172 1929845.0549766805 11
931364.576650517 1929844.867464503 11
931364.4423666022 1929844.691046609 11
931364.316846685 1929844.5034617288 11
931364.1915089481 1929844.3380654124 11
931364.0750263036 1929844.1725963918 11
931363.9139037961 1929843.9631137825 11
931363.7795287609 1929843.7756016185 11
931363.6272613389 1929843.5660463083 11
931363.4841222833 1929843.3897011369 11
931363.3497472295 1929843.2021889794 11
931363.2153721697 1929843.014676823 11
931363.0900343892 1929842.8492805231 11
931362.9468953102 1929842.6729353603 11
931362.8126113267 1929842.496517492 11
931362.6872735306 1929842.331121197 11
931362.4903661796 1929842.0775523277 11
931362.3382808834 1929841.8901856006 11
931362.159356995 1929841.6697541638 11
931361.9624496128 1929841.416185305 11
931361.7656333136 1929841.173710732 11
931361.577672104 1929840.9311634554 11
931361.3898930743 1929840.7108047425 11
931361.2109691384 1929840.4903733241 11
931361.0142438919 1929840.2589930496 11
931360.8083902446 1929839.9944026477 11
931360.5847352836 1929839.718863391 11
931360.3431879074 1929839.4212809994 11
931360.0926943189 1929839.1126770473 11
931359.9585924115 1929838.958447784 11
931359.824399404 1929838.7931242427 11
931359.5739968733 1929838.4956145852 11
931359.4486589524 1929838.330218339 11
931359.1894012908 1929838.0327814044 11
931358.9389076167 1929837.7241774846 11
931358.8047145674 1929837.5588539606 11
931358.5452746591 1929837.2392284842 11
931358.4111726958 1929837.0849992458 11
931358.2858347334 1929836.919603016 11
931358.1427865553 1929836.7543522145 11
931358.0086845747 1929836.6001229824 11
931357.8832554996 1929836.4236324783 11
931357.749153509 1929836.2694032511 11
931357.6148693153 1929836.092985464 11
931357.4806762163 1929835.927661959 11
931357.3463920116 1929835.7512441769 11
931357.2121077989 1929835.574826396 11
931357.0780057849 1929835.4205971796 11
931356.9526677716 1929835.2552009688 11
931356.8273297512 1929835.0898047616 11
931356.7108468377 1929834.9243358409 11
931356.4692080863 1929834.6156592804 11
931356.2453706372 1929834.317931578 11
931356.0304793828 1929834.0312254461 11
931355.8244432225 1929833.7444466043 11
931355.6274443627 1929833.4797836135 11
931355.4304454906 1929833.2151206264 11
931355.2511568272 1929832.9503122123 11
931355.0631952478 1929832.7077650793 11
931354.8930349811 1929832.4761667985 11
931354.7140195973 1929832.244641237 11
931354.5438593117 1929832.0130429624 11
931354.3736990192 1929831.7814446907 11
931354.1947747066 1929831.5610134203 11
931354.0245232905 1929831.3183208774 11
931353.8455989612 1929831.0978896148 11
931353.6664924142 1929830.855269795 11
931353.4873858546 1929830.6126499798 11
931353.2994241727 1929830.3701028842 11
931353.1115535883 1929830.1386500758 11
931352.9324469976 1929829.8960302703 11
931352.7535226098 1929829.6755990298 11
931352.5834533257 1929829.4550950762 11
931352.4224213623 1929829.2567069677 11
931352.2702445048 1929829.058246142 11
931352.127013859 1929828.8708068812 11
931351.9837832091 1929828.683367622 11
931351.8583538865 1929828.5068772072 11
931351.7330156711 1929828.341481075 11
931351.6076774463 1929828.1760849443 11
931351.4375169963 1929827.9444867314 11
931351.276302758 1929827.7239100842 11
931351.1240347375 1929827.5143549992 11
931350.971857816 1929827.3158941977 11
931350.8285360052 1929827.1173606783 11
931350.6940693036 1929826.9187544389 9
931350.5418012518 1929826.7091993638 9
931350.4163718723 1929826.5327089722 9
931350.2998887136 1929826.36724014 9
931350.1745504339 1929826.2018440298 9
931350.0131539095 1929825.9590788446 9
931349.896579625 1929825.7825157382 9
931349.7532577631 1929825.5839822371 9
931349.5919523254 1929825.3523113397 9
931349.4039904173 1929825.1097643322 9
931349.2158462738 1929824.8450287676 9
931349.018755889 1929824.56927165 9
931348.8128103727 1929824.2935872586 9
931348.6069559548 1929824.0289971528 9
931348.4188117625 1929823.764261606 9
931348.2219035514 1929823.5106930672 9
931348.0428877929 1929823.2791676465 9
931347.8726360342 1929823.036475226 9
931347.6937113693 1929822.8160440929 9
931347.5324969382 1929822.5954675153 9
931347.3624273757 1929822.3749636658 9
931347.2013040413 1929822.165481375 9
931347.0401806966 1929821.9559990878 9
931346.8879124676 1929821.746444079 9
931346.7268802214 1929821.5480560767 9
931346.5746119773 1929821.3385010746 9
931346.413579716 1929821.1401130795 9
931346.270257694 1929820.9415796371 9
931346.1179894275 1929820.7320246412 9
931345.9657211513 1929820.522469649 9
931345.8134528677 1929820.3129146604 9
931345.6611845788 1929820.1033596715 9
931345.5088251664 1929819.8827104073 9
931345.3476106203 1929819.6621338725 9
931345.1863049518 1929819.4304630593 9
931345.0249992722 1929819.1987922506 9
931344.8637847027 1929818.978215723 9
931344.7024790058 1929818.7465449206 9
931344.5233719333 1929818.5039252937 9
931344.3442648527 1929818.2613056714 9
931344.1563937517 1929818.0298530592 9
931343.9772866484 1929817.7872334449 9
931343.7893244111 1929817.5446865605 9
931343.5924159164 1929817.2911181296 9
931343.3955074098 1929817.0375497013 9
931343.1985077726 1929816.772886999 9
931342.9926529962 1929816.5082970306 9
931342.7867982069 1929816.2437070664 9
931342.5720882771 1929815.979189835 9
931342.3661423418 1929815.7035056003 9
931342.160196393 1929815.4278213703 9
931341.9453953025 1929815.1522098754 9
931341.7305030772 1929814.8655041053 9
931341.5244659664 1929814.5787256118 9
931341.3095737123 1929814.2920198524 9
931341.0946814436 1929814.0053140994 9
931340.8796980387 1929813.7075140711 9
931340.6558594883 1929813.4097867787 9
931340.4320209222 1929813.112059494 9
931340.2169463485 1929812.8031652023 9
931339.993016628 1929812.4943436482 9
931339.7690868888 1929812.1855220983 9
931339.5450660143 1929811.8656062752 9
931339.3034259777 1929811.556930204 9
931339.0794961909 1929811.2481086734 9
931338.9630126007 1929811.0826399983 9
931338.7391739135 1929810.7849127566 9
931338.5153352105 1929810.4871855201 9
931338.3004427506 1929810.2004798371 9
931338.0944965356 1929809.9247957065 9
931337.8974054416 1929809.6490388466 9
931337.6916414519 1929809.3955432863 9
931337.4946414585 1929809.1308807156 9
931337.2977325792 1929808.8773124306 9
931337.1007325638 1929808.6126498696 9
931336.8948773957 1929808.3480600487 9
931336.6890222193 1929808.0834702312 9
931336.4831670278 1929807.8188804192 9
931336.2772206956 1929807.5431963324 9
931336.0535640763 1929807.2676577223 9
931335.8476177144 1929806.9919736455 9
931335.6239610688 1929806.7164350466 9
931335.4092506729 1929806.4519179978 9
931335.1855939964 1929806.1763794096 9
931334.9707924436 1929805.9007680907 9
931334.7470446063 1929805.6141352346 9
931334.5233878859 1929805.3385966655 9
931334.299731151 1929805.0630581023 9
931334.0850206716 1929804.798541086 9
931333.8791653186 1929804.5339513365 9
931333.6823473548 1929804.2914774148 9
931333.4855293797 1929804.0490034989 9
931333.288620264 1929803.7954353073 9
931333.0828559912 1929803.541939856 9
931332.8770005784 1929803.2773501312 9
931332.6711451504 1929803.0127604122 9
931332.4741448514 1929802.748097959 9
931332.2950370896 1929802.5054785905 9
931332.1160204507 1929802.2739535053 9
931331.8653424616 1929801.9431618245 9
931331.7042183542 1929801.7336798285 9
931331.5608956564 1929801.5351466348 9
931331.4176640881 1929801.3477077233 9
931331.2923250686 1929801.1823118934 9
931331.1758411855 1929801.0168433231 9
931331.0148081778 1929800.8184556188 9
931330.898233152 1929800.6418927743 9
