931385.4404380211 1929867.4964677151 1
931385.3239561123 1929867.3309984014 1
931385.171598583 1929867.1103484253 1
931385.0549345363 1929866.9226905552 1
931384.9027591227 1929866.7242291453 1
931384.7504015714 1929866.503579177 1
931384.5802428019 1929866.2719802998 1
931384.4459596442 1929866.0955620902 1
931384.311676483 1929865.9191438803 1
931384.1862483905 1929865.742652988 1
931384.0697664331 1929865.5771836927 1
931383.8996986926 1929865.3566791106 1
931383.7383949494 1929865.1250075644 1
931383.568327189 1929864.90450299 1
931383.4251889153 1929864.7281574816 1
931383.2641583483 1929864.5297687869 1
931383.0942727004 1929864.3314527834 1
931382.9243870422 1929864.1331367816 1
931382.754501376 1929863.9348207847 1
931382.584524636 1929863.7254105099 1
931382.405783877 1929863.527167206 1
931382.226860975 1929863.3067353452 1
931382.0391740531 1929863.0974704563 1
931381.8514871218 1929862.8882055718 1
931381.663709112 1929862.667846411 1
931381.4670760147 1929862.447559944 1
931381.2703518397 1929862.2161791997 1
931381.0736276517 1929861.9847984596 1
931380.8681394445 1929861.764584694 1
931380.6625601562 1929861.5332766527 1
931380.4480347069 1929861.2909470252 1
931380.2423643245 1929861.0485447138 1
931380.0278388507 1929860.8062150977 1
931379.8221684445 1929860.5638127977 1
931379.5987878663 1929860.3215558808 1
931379.3842623556 1929860.079226281 1
931379.178591913 1929859.836823995 1
931378.9817765395 1929859.5943490234 1
931378.7851433002 1929859.374062617 1
931378.5974562052 1929859.1647978048 1
931378.409860174 1929858.9666272767 1
931378.2400653732 1929858.7794056504 1
931378.0703616366 1929858.6032783075 1
931377.9095129769 1929858.427078276 1
931377.766465547 1929858.2618271438 1
931377.6146541057 1929858.1077429862 1
931377.480552824 1929857.9535134467 1
931377.3375964523 1929857.799356603 1
931377.1856028449 1929857.6230838918 1
931377.0069529045 1929857.4359349818 1
931376.8102284878 1929857.2045543424 1
931376.5957938931 1929856.9733190918 1
931376.3725042028 1929856.742156542 1
931376.1581606605 1929856.5220155842 1
931375.9526721913 1929856.3018019388 1
931375.7473658673 1929856.1037768584 1
931375.5598607778 1929855.916700674 1
931375.3724467573 1929855.7407187738 1
931375.2028339765 1929855.5756857689 1
931375.0421673544 1929855.4216743538 1
931374.88168288 1929855.2898515007 1
931374.7033060753 1929855.1359854813 1
931374.5336932691 1929854.9709524913 1
931374.3462792059 1929854.794970614 1
931374.1587740559 1929854.60789446 1
931373.9801239861 1929854.4207456158 1
931373.8105111513 1929854.2557126386 1
931373.66746357 1929854.0904615752 1
931373.5155608985 1929853.925283211 1
931373.3726043878 1929853.7711264326 1
931373.2207017024 1929853.6059480736 1
931373.0597617654 1929853.4186538532 1
931372.8811116436 1929853.231505032 1
931372.6935153477 1929853.0333346305 1
931372.5237202977 1929852.846113119 1
931372.3541074025 1929852.6810801693 1
931372.2022046796 1929852.5159018293 1
931372.0504841141 1929852.3729120528 1
931371.8897262887 1929852.2078064159 1
931371.7109850332 1929852.0095633378 1
931371.4967323303 1929851.8005167774 1
931371.2734423622 1929851.569354362 1
931371.0412062092 1929851.32717037 1
931370.8268623892 1929851.107029548 1
931370.6213736479 1929850.8868160301 1
931370.4249221537 1929850.6887183792 1
931370.2283795663 1929850.479526451 1
931370.0319280534 1929850.2814288095 1
931369.8354765311 1929850.083331172 1
931369.6301699106 1929849.8853062387 1
931369.4338094523 1929849.6983028904 1
931369.2463040813 1929849.5112268468 1
931369.0765088835 1929849.3240054026 1
931368.897858586 1929849.136856664 1
931368.719117197 1929848.938613649 1
931368.5315207047 1929848.740443339 1
931368.3439242038 1929848.5422730339 1
931368.1562366096 1929848.3330084532 1
931367.9686400905 1929848.1348381562 1
931367.7987537493 1929847.9365224573 1
931367.6379046683 1929847.760322621 1
931367.4859106765 1929847.5840500833 1
931367.3339166783 1929847.4077775492 1
931367.1730675775 1929847.2315777221 1
931367.0031812016 1929847.033262039 1
931366.8332037273 1929846.8238520795 1
931366.6810275246 1929846.625390996 1
931366.5289424013 1929846.4380241954 1
931366.3858034576 1929846.2616789737 1
931366.1979335833 1929846.0302258744 1
931366.0279560687 1929845.820815931 11
931365.8848171041 1929845.644470718 11
931365.7327319455 1929845.4571039323 11
931365.5716095063 1929845.247621293 11
931365.3925035933 1929845.0050012255 11
931365.2583107887 1929844.8396775995 11
931365.1152628819 1929844.674426679 11
931364.972032788 1929844.4869872017 11
931364.8288026855 1929844.2995477258 11
931364.6766263904 1929844.1010866791 11
931364.5155038969 1929843.8916040584 11
931364.3455262999 1929843.6821941498 11
931364.1843126984 1929843.461617257 11
931364.0142439903 1929843.2411130741 11
931363.8352290847 1929843.009587319 11
931363.6650692659 1929842.7779888632 11
931363.5127107308 1929842.5573392746 11
931363.3782445699 1929842.3587328356 11
931363.2348322123 1929842.149104826 11
931363.1003660406 1929841.9504983919 11
931362.9570447627 1929841.7519646678 11
931362.8136323822 1929841.542336664 11
931362.6881123851 1929841.3547518097 11
931362.5447910874 1929841.156218093 11
931362.4015608748 1929840.9687786573 11
931362.2583306581 1929840.7813392275 11
931362.1150093407 1929840.5828055162 11
931361.9629240074 1929840.3954387968 11
931361.8196026766 1929840.1969050919 11
931361.6675173298 1929840.009538379 11
931361.5064857814 1929839.8111500978 11
931361.3543093253 1929839.6126891086 11
931361.1931866665 1929839.4032065528 11
931361.0232999905 1929839.2048909909 11
931360.8709413224 1929838.984241451 11
931360.7098186372 1929838.7747589038 11
931360.5486048476 1929838.5541820796 11
931360.3785359483 1929838.3336779675 11
931360.2083759434 1929838.1020795812 11
931360.0382159267 1929837.870481196 11
931359.8680559008 1929837.6388828156 11
931359.689040761 1929837.4073571484 11
931359.5100256137 1929837.175831487 11
931359.3309193563 1929836.9332115469 11
931359.1430490837 1929836.7017586045 11
931358.9639428058 1929836.459138673 11
931358.7758903129 1929836.2054971773 11
931358.5790738016 1929835.9630226786 11
931358.3822572791 1929835.7205481827 11
931358.1853496457 1929835.466979414 11
931357.9795868959 1929835.2134833608 11
931357.7738241315 1929834.9599873142 11
931357.5680613524 1929834.7064912694 11
931357.3533523548 1929834.4419736662 11
931357.1475895551 1929834.188477633 11
931356.9417356396 1929833.9238873255 11
931356.7536830298 1929833.6702458751 11
931356.5656304086 1929833.4166044274 11
931356.3865239872 1929833.1739845504 11
931356.1986535481 1929832.9425316742 11
931356.0284933202 1929832.7109333684 11
931355.8584241855 1929832.4904293483 11
931355.6883550398 1929832.2699253326 11
931355.518376988 1929832.0605155989 11
931355.3483078269 1929831.8400115888 11
931355.1782386547 1929831.6195075822 11
931354.9993143626 1929831.3990762956 11
931354.8293362785 1929831.1896665774 11
931354.6504119682 1929830.969235297 11
931354.4713965466 1929830.737709741 11
931354.2836171053 1929830.5173511857 11
931354.1046016618 1929830.2858256367 11
931353.9078759835 1929830.0544455263 11
931353.7200054072 1929829.822992703 11
931353.5408988281 1929829.5803728863 11
931353.3440820144 1929829.337898508 11
931353.1561203006 1929829.095351418 11
931352.9593034624 1929828.852877049 11
931352.7889608485 1929828.5990902486 11
931352.5920528837 1929828.3455216086 11
931352.4039089126 1929828.0807859732 11
931352.2158560368 1929827.8271446233 11
931352.0365671575 1929827.5623362765 11
931351.8662244922 1929827.308549498 11
931351.6870266988 1929827.0548354397 11
931351.5256302347 1929826.8120702254 11
931351.3553786476 1929826.5693777362 11
931351.185218159 1929826.3377795282 11
931351.0239127757 1929826.106108606 11
931350.8626984924 1929825.8855319652 11
931350.7013930938 1929825.6538610468 11
931350.5491250225 1929825.444305973 11
931350.3880018238 1929825.2348236234 11
931350.2268786171 1929825.0253412738 11
931350.0657554048 1929824.8158589292 11
931349.9135784105 1929824.617398146 9
931349.7702565299 1929824.418864645 9
931349.627025753 1929824.231425427 9
931349.4838860783 1929824.0550804893 9
931349.3407463998 1929823.878735556 9
931349.2065529458 1929823.7134121812 9
931349.0722683752 1929823.5369945301 9
931348.9380749081 1929823.3716711618 9
931348.8127365578 1929823.2062750722 9
931348.6873982026 1929823.0408789853 9
931348.5620598425 1929822.8754828984 9
931348.4455765979 1929822.7100140918 9
931348.3113831055 1929822.5446907326 9
931348.1770984976 1929822.3682730964 9
931348.0248303048 1929822.1587180672 9
931347.863706981 1929821.9492357639 9
931347.7024925384 1929821.7286591823 9
931347.541186972 1929821.4969883247 9
931347.3710262772 1929821.2653901954 9
931347.191919335 1929821.0227705124 9
931347.0215763912 1929820.7689838298 9
931346.8422872026 1929820.5041755931 9
931346.6540517632 1929820.2283458053 9
931346.4571434177 1929819.9747773062 9
931346.2512888218 1929819.7101872594 9
931346.0541982218 1929819.434430209 9
931345.8482524848 1929819.1587458907 9
931345.64239785 1929818.8941558565 9
931345.427505846 1929818.6074499944 9
931345.2127049435 1929818.3318384164 9
931344.9889577852 1929818.0452052897 9
931344.7740657374 1929817.758499444 9
931344.550409666 1929817.4829606086 9
931344.3265713432 1929817.1852332212 9
931344.0939690003 1929816.8986728457 9
931343.878985775 1929816.600872741 9
931343.6552385235 1929816.3142396514 9
931343.4404375049 1929816.0386281188 9
931343.2345827211 1929815.7740381432 9
931343.0286368032 1929815.4983538922 9
931342.8227819889 1929815.2337639274 9
931342.6346374233 1929814.9690285092 9
931342.4377288348 1929814.7154601046 9
931342.2495842434 1929814.4507246935 9
931342.0616218809 1929814.2081778487 9
931341.8824235168 1929813.9544639993 9
931341.694461135 1929813.7119171615 9
931341.5153538703 1929813.469297598 9
931341.3362465976 1929813.2266780385 9
931341.1572304339 1929812.9951527629 9
931340.9781231387 1929812.752533211 9
931340.7991069573 1929812.5210079432 9
931340.6200907639 1929812.2894826804 9
931340.4409834383 1929812.0468631391 9
931340.2619672251 1929811.8153378826 9
931340.082951002 1929811.5838126289 9
931339.9039347714 1929811.352287381 9
931339.7337736614 1929811.1206894033 9
931339.5546662881 1929810.8780698818 9
931339.384505159 1929810.6464719125 9
931339.2053977656 1929810.403852398 9
931339.01752635 1929810.172399899 9
931338.847365192 1929809.940801941 9
931338.6684400153 1929809.7203709972 9
931338.480568572 1929809.4889185124 9
931338.301643376 1929809.2684875762 9
931338.1226270454 1929809.0369623643 9
931337.9347555698 1929808.8055098916 9
931337.764594357 1929808.5739119535 9
931337.5767228612 1929808.3424594884 9
931337.397706491 1929808.1109342922 9
931337.209834975 1929807.8794818344 9
931337.039582597 1929807.636789631 9
931336.8517110606 1929807.4053371816 9
931336.6726035236 1929807.1627177205 9
931336.493587106 1929806.9311925434 9
931336.3144795487 1929806.688573089 9
931336.1266079713 1929806.4571206558 9
931335.9475915217 1929806.22559549 9
931335.7685750644 1929805.9940703292 9
931335.5807034565 1929805.762617906 9
931335.3929229695 1929805.542259769 9
931335.2139976094 1929805.3218288987 9
931335.0440185084 1929805.1124195764 9
931334.8829856702 1929804.9140318008 9
931334.739754231 1929804.7265928318 9
931334.6056513169 1929804.5723639694 9