935633.588087958 1916027.707568059 2
935633.6873549218 1916027.9287005223 2
935633.7775821479 1916028.127712943 2
935633.858854682 1916028.3156993354 2
935633.9581216341 1916028.5368318036 2
935634.0664283078 1916028.7800843187 2
935634.174820015 1916029.034430852 2
935634.2922514413 1916029.3108974332 2
935634.3824786412 1916029.5099098603 2
935634.4638361882 1916029.7089902763 2
935634.55406338 1916029.9080027048 2
935634.6355059582 1916030.1181771408 2
935634.7258181784 1916030.3282835886 2
935634.8163004736 1916030.560578071 2
935634.9066977255 1916030.7817785388 2
935635.0060496588 1916031.0140050363 2
935635.0965319393 1916031.2462995243 2
935635.1959689002 1916031.4896200404 2
935635.2954058555 1916031.7329405593 2
935635.3950128811 1916031.9984491148 2
935635.5034895467 1916032.2638896836 2
935635.6119662056 1916032.5293302536 2
935635.7205278955 1916032.8058648417 2
935635.838044261 1916033.0934254623 2
935635.9466909737 1916033.381054071 2
935636.064292361 1916033.6797087123 2
935636.1818937402 1916033.9783633542 2
935636.308449792 1916034.2880440315 2
935636.4261361934 1916034.5977926948 2
935636.5526922252 1916034.9074733749 2
935636.6793332888 1916035.2282480728 2
935636.7971897344 1916035.5601847763 2
935636.9238307772 1916035.8809594787 2
935637.0416021687 1916036.2018021685 2
935637.1681581574 1916036.5114828579 2
935637.2769748545 1916036.8212995194 2
935637.394661185 1916037.1310481976 2
935637.503392831 1916037.4297708443 2
935637.6121244696 1916037.7284934935 2
935637.7297257431 1916038.027148157 2
935637.8472419712 1916038.3147088077 2
935637.955973587 1916038.61343146 2
935638.0734897996 1916038.9009921122 2
935638.1821363659 1916039.1886207515 2
935638.290782925 1916039.4762493921 2
935638.3994294767 1916039.7638780328 2
935638.5169456592 1916040.0514386909 2
935638.6255921964 1916040.3390673364 2
935638.7430233298 1916040.6155339808 2
935638.8604544557 1916040.8920006258 2
935638.9868402441 1916041.179493307 2
935639.1042713546 1916041.4559599562 2
935639.221787493 1916041.743520624 2
935639.3392185861 1916042.0199872777 2
935639.456734709 1916042.3075479497 2
935639.5653811868 1916042.5951766067 2
935639.6917669269 1916042.8826692984 2
935639.8004984221 1916043.1813919754 2
935639.918099544 1916043.4800466718 2
935640.0445702916 1916043.778633387 2
935640.1709560009 1916044.0661260858 2
935640.297426729 1916044.3647128032 2
935640.4238124213 1916044.652205507 2
935640.5502831343 1916044.9507922286 2
935640.6767538387 1916045.2493789538 2
935640.8120091351 1916045.5368036798 2
935640.9384798218 1916045.8353904085 2
935641.0650355329 1916046.1450711559 2
935641.1915912327 1916046.4547519053 2
935641.3270165542 1916046.7643646766 2
935641.4534872051 1916047.062951413 2
935641.5710882174 1916047.3616061322 2
935641.6974738236 1916047.6490988543 2
935641.8149897895 1916047.9366595582 2
935641.9236361185 1916048.2242882478 2
935642.0321123812 1916048.4897289006 2
935642.1407586961 1916048.7773575909 2
935642.2493199746 1916049.0538922653 2
935642.3578812461 1916049.3304269419 2
935642.457487854 1916049.5959355817 2
935642.5571794846 1916049.8725382402 2
935642.6656557072 1916050.1379789023 2
935642.7652622942 1916050.4034875464 2
935642.8648688773 1916050.6689961911 2
935642.9644754566 1916050.934504838 2
935643.063996997 1916051.1889194662 2
935643.1636035619 1916051.4544281166 2
935643.2632101208 1916051.7199367657 2
935643.3628166737 1916051.9854454168 2
935643.4535535955 1916052.251022047 2
935643.5530751087 1916052.5054366838 2
935643.6526816437 1916052.7709453376 2
935643.7522031452 1916053.0253599745 2
935643.8605942646 1916053.2797066357 2
935643.9512461305 1916053.5341892543 2
935644.0507676144 1916053.788603896 2
935644.1413344403 1916054.0319924997 2
935644.2496405089 1916054.275245147 2
935644.3402923531 1916054.52972777 2
935644.4398138142 1916054.7841424167 2
935644.5393352695 1916055.0385570647 2
935644.6388567189 1916055.2929717114 2
935644.7384631888 1916055.5584803796 2
935644.8380696526 1916055.8239890498 2
935644.9375910843 1916056.0784037008 2
935645.0371125102 1916056.3328183545 2
935645.1367189559 1916056.598327027 2
935645.2274557734 1916056.8639036776 2
935645.3270622096 1916057.129412352 2
935645.4265836098 1916057.3838270095 2
935645.5261050063 1916057.6382416696 2
935645.6257114245 1916057.9037503484 2
935645.7253178321 1916058.169259027 2
935645.824839211 1916058.4236736908 2
935645.9155759907 1916058.6892503493 2
935646.0062277403 1916058.9437329907 2
935646.1147037441 1916059.2091736973 2
935646.2054405068 1916059.4747503602 2
935646.305046881 1916059.7402590467 2
935646.3957836301 1916060.0058357108 2
935646.4953899947 1916060.2713443988 2
935646.5861267325 1916060.536921068 2
935646.6768634672 1916060.8024977336 2
935646.7764698118 1916061.0680064259 2
935646.8672915585 1916061.3446771123 2
935646.9580282762 1916061.6102537827 2
935647.057634603 1916061.8757624784 2
935647.1483713094 1916062.1413391512 2
935647.239108008 1916062.4069158246 2
935647.3298447032 1916062.6724924995 2
935647.4205813931 1916062.938069175 2
935647.5114031001 1916063.2147398684 2
935647.6021397787 1916063.480316547 2
935647.6928764519 1916063.7458932253 2
935647.7924827295 1916064.0114019301 2
935647.8744348015 1916064.2881406043 2
935647.9740410699 1916064.5536493105 2
935648.0648627426 1916064.8303200097 2
935648.1555993876 1916065.0958966943 2
935648.2552906598 1916065.3724994222 2
935648.3461123153 1916065.6491701277 2
935648.4458035729 1916065.925772857 2
935648.5454948265 1916066.2023755892 2
935648.6364014854 1916066.490140314 2
935648.7273081384 1916066.7779050402 2
935648.8725377145 1916067.2094841562 2
935648.9635293733 1916067.508342904 2
935649.054350984 1916067.7850136159 2
935649.154127218 1916068.0727103716 2
935649.2450338374 1916068.360475104 2
935649.335940451 1916068.6482398375 2
935649.4268470586 1916068.9360045716 2
935649.5177536602 1916069.2237693062 2
935649.5997056268 1916069.5005079973 2
935649.690612217 1916069.788272735 2
935649.7725641752 1916070.065011428 2
935649.8633857339 1916070.3416821484 2
935649.9455077187 1916070.6406088788 2
935650.0273746414 1916070.906253556 2
935650.1002869346 1916071.160872191 2
935650.1731142041 1916071.404396805 2
935650.245856448 1916071.6368274041 2
935650.3006894434 1916071.8472059113 2
935650.3738567765 1916072.1351066013 2
935650.4378144268 1916072.3786991918 2
935650.5016020356 1916072.6001037462 2
935650.5654746578 1916072.8326023202 2
935650.6203926572 1916073.0540748474 2