931281.9604515037 1929785.4444264052 0
931281.7580595905 1929785.601420562 0
931281.5909059319 1929785.7359349916 0
931281.3885140349 1929785.892929159 0
931281.1772669853 1929786.049996124 0
931280.966111144 1929786.2181573743 0
931280.8077214675 1929786.3415047468 0
931280.6493317977 1929786.4648521207 0
931280.4820869708 1929786.5882722933 0
931280.2973142349 1929786.7340266183 0
931280.1037775455 1929786.8909480227 0
931279.8924393432 1929787.0369207412 0
931279.6812835503 1929787.2050820258 0
931279.4612726095 1929787.3733161113 0
931279.2324065189 1929787.5416229982 0
931278.9859213236 1929787.7211697632 0
931278.7307633855 1929787.9229778931 0
931278.4666591 1929788.1137645466 0
931278.2027372328 1929788.3267397706 0
931277.9210138614 1929788.5287663152 0
931277.6393817064 1929788.7418871494 0
931277.3402216621 1929788.9773421513 0
931277.0321152719 1929789.2017756805 0
931276.8737257095 1929789.3251231287 0
931276.5657105533 1929789.5606509561 0
931276.3896106918 1929789.6841440115 0
931276.2312211503 1929789.8074914725 0
931276.0639764549 1929789.930911737 0
931275.747014978 1929790.1554181126 0
931275.4566189849 1929790.3797061027 0
931275.1748957486 1929790.5817327434 0
931274.9019364701 1929790.7725923131 0
931274.620213258 1929790.9746189723 0
931274.3648731051 1929791.1542386783 0
931274.1183881201 1929791.3337855907 0
931273.8718119356 1929791.5022382317 0
931273.6252357587 1929791.6706908785 0
931273.3698956505 1929791.8503106155 0
931273.1233194938 1929792.0187632793 0
931272.8855985032 1929792.1871431465 0
931272.6390223684 1929792.3555958243 0
931272.3924462434 1929792.5240485093 0
931272.1371061852 1929792.703668284 0
931271.8904388678 1929792.8610267038 0
931271.6527179234 1929793.0294066078 0
931271.4149969907 1929793.1977865184 0
931271.1683297013 1929793.3551449594 0
931270.921753635 1929793.5235976882 0
931270.6663224243 1929793.6921232303 0
931270.419746378 1929793.860575974 0
931270.1907894281 1929794.017788835 0
931269.961832489 1929794.1750017018 0
931269.7152564711 1929794.3434544683 0
931269.4686804629 1929794.5119072415 0
931269.2309596137 1929794.6802872152 0
931268.9931475596 1929794.8375729164 0
931268.7554267313 1929795.0059529047 0
931268.5264698437 1929795.163165812 0
931268.297695402 1929795.342567288 0
931268.059974602 1929795.5109472955 0
931267.8311089616 1929795.6792545023 0
931267.6110984804 1929795.8474889086 0
931267.3910880059 1929796.0157233197 0
931267.1709863255 1929796.1728634574 0
931266.9421207187 1929796.3411706896 0
931266.7308742023 1929796.4982380308 0
931266.528482843 1929796.6552325664 0
931266.33485542 1929796.8010600186 0
931266.1587558629 1929796.9245532954 0
931265.9915114573 1929797.0479737646 0
931265.7715010488 1929797.2162082205 0
931265.5514906492 1929797.3844426826 0
931265.3578632601 1929797.5302701574 0
931265.1642358777 1929797.6760976373 0
931264.9794636521 1929797.82185231 0
931264.7682172098 1929797.9789197014 0
931264.5922089206 1929798.1135072922 0
931264.3811449386 1929798.2927632534 0
931264.1786624434 1929798.4386635679 0
931264.0026541734 1929798.5732511715 0
931263.8178819879 1929798.719005872 0
931263.6417825033 1929798.8424992033 0
931263.45701033 1929798.9882539108 0
931263.2634742387 1929799.145175716 0
931263.1050850687 1929799.2685234332 0
931262.9291680582 1929799.4142053395 0