931409.5206309147 1929892.5178448393 6
931409.3686386053 1929892.3415715536 6
931409.2433024629 1929892.176174571 6
931409.1002562235 1929892.0109229123 6
931408.9481728623 1929891.823555351 6
931408.7781973359 1929891.6141445523 6
931408.643915088 1929891.4377259586 6
931408.5005957212 1929891.239191465 6
931408.3572763477 1929891.040656974 6
931408.2140479999 1929890.8532167673 6
931408.070910683 1929890.676870844 6
931407.9010261446 1929890.4785543429 6
931407.7309595299 1929890.258049284 6
931407.5343277596 1929890.0377622123 6
931407.35531504 1929889.8062355418 6
931407.1765754188 1929889.6079917166 6
931407.0154548526 1929889.39850829 6
931406.8544253127 1929889.200119149 6
931406.7022508169 1929889.001657349 6
931406.5413123012 1929888.8143624936 6
931406.3891377887 1929888.6159006986 6
931406.219344209 1929888.428678512 6
931406.0672607195 1929888.2413110032 6
931405.906322173 1929888.0540161622 6
931405.7630937225 1929887.8665759957 6
931405.5933001114 1929887.679353822 6
931405.4234154568 1929887.4810373704 6
931405.2445847022 1929887.2716993059 6
931405.0658449798 1929887.0734555253 6
931404.9048153497 1929886.875066421 6
931404.7349306605 1929886.676749983 6
931404.5650459654 1929886.4784335499 6
931404.4219995376 1929886.3131819689 6
931404.2609698779 1929886.1147928766 6
931404.1090683833 1929885.949613964 6
931403.9748769904 1929885.7842897268 6
931403.7961372044 1929885.5860459732 6
931403.6264345465 1929885.409918119 6
931403.4923341763 1929885.2556881688 6
931403.3404326512 1929885.0905092703 6
931403.179402945 1929884.8921201993 6
931403.0185553118 1929884.7159196925 6
931402.8487615762 1929884.528697572 6
931402.6788767935 1929884.3303811764 6
931402.5358302924 1929884.1651296257 6
931402.3750736741 1929884.000023413 6
931402.2230810642 1929883.8237502542 6
931402.0621423479 1929883.6364554847 6
931401.9012946696 1929883.4602549984 6
931401.7403559393 1929883.2729602342 6
931401.579417204 1929883.0856654737 6
931401.4451346725 1929882.9092469935 6
931401.2932330647 1929882.7440681332 6
931401.1235302973 1929882.5679403306 6
931400.9803016452 1929882.3805002435 6
931400.8282179326 1929882.1931328296 6
931400.658333053 1929881.9948164744 6
931400.4884481654 1929881.7965001222 6
931400.3454015783 1929881.6312486092 6
931400.193499926 1929881.4660697677 6
931400.0418714059 1929881.3341737713 6
931399.8901518355 1929881.1911834963 6
931399.7471962698 1929881.037026273 6
931399.5953856432 1929880.8829417245 6
931399.4165546038 1929880.6736037822 6
931399.2556157672 1929880.4863090664 6
931399.0767847111 1929880.2769711306 6
931398.9514481879 1929880.111574301 6
931398.834875672 1929879.9350105217 6
931398.7005930307 1929879.758592086 6
931398.5750743982 1929879.5710066995 6
931398.4494647128 1929879.3723270348 6
931398.3149089142 1929879.1626257636 6
931398.189208169 1929878.9528518214 6
931398.054652355 1929878.7431505537 6
931397.9289515972 1929878.5333766155 6
931397.8033418814 1929878.3346969604 6
931397.686678269 1929878.1470389175 6
931397.5699236027 1929877.948286594 6
931397.4444049186 1929877.760701225 6
931397.3276502392 1929877.561948905 6
931397.2020404973 1929877.363269259 6
931397.076430745 1929877.164589615 6
931396.9509120383 1929876.977004253 6
931396.834157339 1929876.7782519395 6
931396.7174936838 1929876.59059391 6
931396.5919749584 1929876.403008554 6
931396.4752202452 1929876.2042562452 6
931396.3495194087 1929875.994482332 6
931396.2326736317 1929875.7846357469 6
931396.1159188993 1929875.5858834432 6
931395.999073111 1929875.376036861 6
931395.8823183675 1929875.1772845609 6
931395.7654725679 1929874.9674379823 6
931395.6397716979 1929874.7576640795 6
931395.5051247061 1929874.5368685694 6
931395.3793327699 1929874.3160003899 6
931395.2447768156 1929874.1062991659 6
931395.1013657895 1929873.8966706188 6
931394.9579547539 1929873.6870420733 6
931394.8146347655 1929873.4885078117 6
931394.6713147705 1929873.2899735516 6
931394.5191397001 1929873.0915119704 6
931394.3670556775 1929872.904144672 6
931394.2237356597 1929872.7056104199 6
931394.0805066904 1929872.5181704496 6
931393.9285136987 1929872.3418974394 6
931393.7766117562 1929872.1767187144 6
931393.6334738216 1929872.0003730333 6
931393.481480811 1929871.824100031 6
931393.3296699043 1929871.6700155938 6
931393.1955691279 1929871.5157858056 6
931393.0259570176 1929871.3507524438 6
931392.8830011599 1929871.1965953382 0
931392.7401363563 1929871.053532514 0
931392.5705242277 1929870.8884991622 0
931392.4188953952 1929870.756603303 0
931392.2585025467 1929870.6358744025 0
931392.0981096913 1929870.515145505 0
931391.92895282 1929870.4055835705 0
931391.7597959421 1929870.296021639 0
931391.5285625177 1929870.1758741727 0
931391.3417865472 1929870.0775518864 0
931391.1372093763 1929869.9682806793 0
931390.9239592443 1929869.8812707167 0
931390.7107091078 1929869.7942607603 0
931390.5063140367 1929869.7071781307 0
931390.2928817755 1929869.5979796224 0
931390.079631625 1929869.5109696817 0
931389.8664725283 1929869.4350540272 0
931389.6533134277 1929869.3591383777 0
931389.4490093935 1929869.2831500536 0
931389.2270862738 1929869.2184013755 0
931389.0051631507 1929869.1536527039 0
931388.7921861544 1929869.0999256384 0
931388.5703540846 1929869.046271258 0
931388.3485220097 1929868.992616884 0
931388.1266899362 1929868.9389625164 0
931387.8960938455 1929868.8964751167 0
931387.6567337451 1929868.8651546852 0
931387.4261376519 1929868.822667299 0
931387.1778314122 1929868.7803252847 0
931386.938380243 1929868.737910593 0
931386.6901650629 1929868.706662872 0
931386.4508049517 1929868.6753424758 0
931386.2024987021 1929868.6330004898 0
931385.9542835156 1929868.6017527909 0
931385.7059772632 1929868.559410819 0
931385.4666171413 1929868.5280904511 0
931385.2272570196 1929868.4967700895 0
931384.9878968961 1929868.4654497365 0
931384.7485367684 1929868.434129387 0
931384.5092677065 1929868.4139033267 0
931384.2522884983 1929868.3938226453 0
931384.0040732962 1929868.3625750043 0
931383.7470940871 1929868.3424943385 0
931383.4902059413 1929868.3335079597 0
931383.2509368726 1929868.313281936 0
931382.9940487272 1929868.3042955736 0
931382.7371605788 1929868.2953092174 0
931382.4803635002 1929868.297417151 0
931382.2235664192 1929868.2995250924 0
931381.9579142691 1929868.3017057304 0
931381.7012082572 1929868.3149079687 0
931381.4532662502 1929868.3169432464 0
931381.1966513094 1929868.3412397816 0
931380.9488003731 1929868.354369354 0
931380.7010405082 1929868.3785932153 0
931380.4533717132 1929868.4139113645 0
931380.2057029224 1929868.4492295193 0
931379.958125205 1929868.4956419647 0
931379.7194936313 1929868.5530760067 0
931379.4632429926 1929868.6217497184 0
931379.2069923558 1929868.6904234365 0
931378.9508327981 1929868.7701914443 0
931378.6858181721 1929868.8500321524 0
931378.4209857003 1929868.9520614294 0
931378.1650993796 1929869.0651123025 0
931377.9003579929 1929869.178235878 0
931377.644653833 1929869.3134753301 0
931377.3978047539 1929869.4486420972 0
931377.1509556827 1929869.5838088705 0
931376.8953426227 1929869.730142628 0
931376.6573486377 1929869.8652367245 0
931376.4282097301 1929870.000258133 0
931376.2080169761 1929870.1463011343 0
931375.9877331528 1929870.2812498626 0
931375.7763954832 1929870.427220182 0
931375.5473476825 1929870.5733358967 0
931375.3269728009 1929870.6971903592 0
931375.1156351531 1929870.8431606963 0
931374.9042064344 1929870.9780367578 0
931374.7017238697 1929871.1239344075 0
931374.4814400962 1929871.2588831761 0
931374.2611563295 1929871.3938319506 0
931374.0498187179 1929871.5398023138 0
931373.8383900336 1929871.674678403 0
931373.6269613561 1929871.8095544963 0
931373.4155326855 1929871.944430596 0
931373.2129590892 1929872.0792340033 0
931373.0015304319 1929872.2141101137 0
931372.7989568488 1929872.3489135324 0
931372.5875282049 1929872.4837896526 0
931372.3848635531 1929872.6074988 0
931372.1733438404 1929872.731280651 0
931371.9618241338 1929872.8550625069 0
931371.7503044334 1929872.978844369 0
931371.5387847392 1929873.1026262362 0
931371.3360290346 1929873.215241129 0
931371.1421284016 1929873.3277833262 0
931370.9482277739 1929873.4403255282 0
931370.7541449834 1929873.530679173 0
931370.5601532812 1929873.632127105 0
931370.3749255652 1929873.7224080584 0
931370.1719877237 1929873.8128344177 0
931369.9778138649 1929873.8920937995 0
931369.7836400099 1929873.9713531865 0
931369.5807021783 1929874.0617795608 0
931369.3511080686 1929874.141329763 0
931369.1038949162 1929874.2321196564 0
931368.8477356195 1929874.311887978 0
931368.5739572815 1929874.4028959933 0
931368.3000878644 1929874.4828097355 0
931368.0261273625 1929874.5516292078 0
931367.74340289 1929874.6316156723 0
931367.4692602206 1929874.6782466 0
931367.2040637076 1929874.7358991145 0
931366.9386850223 1929874.7713630737 0
931366.6821614038 1929874.8067543393 0
931366.45211189 1929874.8308332183 0
931366.2309174445 1929874.8548393974 0
931366.0095408193 1929874.8566570212 0
931365.8058743239 1929874.8583292395 0
931365.5755515433 1929874.8491252977 0
931365.3540838268 1929874.8398486597 0
931365.1149059798 1929874.830717435 0
931364.8844010113 1929874.799324952 0
931364.6538960432 1929874.7679324753 0
931364.4499562682 1929874.7363218842 0
931364.2459253989 1929874.6936170172 0
931364.0506585019 1929874.639745167 0
931363.784277797 1929874.5531721362 0
931363.5089509275 1929874.4555775411 0
931363.313410736 1929874.3684228659 0
931363.1001604095 1929874.2814136106 0
931362.886818984 1929874.1833100803 0
931362.6734775534 1929874.0852065536 0
931362.4689000887 1929873.9759360426 0
931362.2643226207 1929873.866665538 0
931362.0507989812 1929873.7463734662 0
931361.846130404 1929873.62600869 0
931361.6414618231 1929873.5056439196 0
931361.427847069 1929873.3742575815 0
931361.2229962826 1929873.2317042598 0
931361.0181454847 1929873.0891509415 0
931360.8221497512 1929872.9465249167 0
931360.6260629115 1929872.7928046165 0
931360.4565412662 1929872.6388661896 0
931360.2870196169 1929872.4849277649 0
931360.1174979592 1929872.3309893429 0
931359.9656864329 1929872.1769055026 0
931359.8228210652 1929872.0338432342 0
931359.6175147229 1929871.8358185452 0
931359.4123905688 1929871.659982424 0
931359.2248854437 1929871.4729066 0
931359.0373803127 1929871.2858307825 0
931358.849875171 1929871.0987549692 0
931358.6713161899 1929870.9227007264 0
931358.4927572036 1929870.7466464895 0
931358.3054342385 1929870.581759248 0
931358.1091650957 1929870.405850445 0
931357.9218421155 1929870.2409632127 0
931357.7167178866 1929870.0651271313 0
931357.5650884779 1929869.9332318967 0
931357.404603992 1929869.8014093756 0
931357.2440284014 1929869.6584925796 0
931357.0745977325 1929869.5156485 0
931356.9051670601 1929869.3728044238 0
931356.7268813087 1929869.230033067 0
931356.5485955513 1929869.0872617115 0
931356.370218687 1929868.9333960796 0
931356.1829867426 1929868.7796031677 0
931356.0047009662 1929868.6368318256 0
931355.8174690084 1929868.48303892 0
931355.6214730779 1929868.3404130165 0
931355.4344233145 1929868.2088086836 0
931355.2473735453 1929868.0772043534 0
931355.0603237702 1929867.9456000281 0
931354.873365094 1929867.8250899871 0
931354.7042076625 1929867.7155287962 0
931354.4549901532 1929867.5622449415 0
931354.2770687414 1929867.4638507594 0
931354.0991473298 1929867.365456579 0
931353.8235467874 1929867.2345794565 0
931353.610113964 1929867.1253818793 0
931353.3789709883 1929867.0163297425 0
931353.1212627862 1929866.9074957697 0
931352.8636456826 1929866.8097560827 0
931352.6061196828 1929866.7231106868 0
931352.357539857 1929866.6474868588 0
931352.1355252505 1929866.5716448815 0
931351.9223657135 1929866.4957301887 0
931351.6558935107 1929866.39806326 0
931351.4161687426 1929866.32236674 0
931351.1765350774 1929866.2577645076 0
931350.9723217075 1929866.1928714002 0
931350.7325969269 1929866.1171749004 0
931350.5284746606 1929866.063376082 0
931350.2709486121 1929865.9767307579 0
931349.9602921065 1929865.8905217715 0
931349.6583995615 1929865.7931457944 0
931349.365453194 1929865.706791385 0
931349.0903080824 1929865.6313858216 0
931348.84163708 1929865.5446678177 0
931348.601912258 1929865.4689713775 0
931348.3799886997 1929865.4042237792 0
931348.1669202108 1929865.339403462 0
931347.9626156776 1929865.2634161469 0
931347.7584022592 1929865.1985231154 0
931347.5629527963 1929865.122463084 0
931347.3586482542 1929865.046475783 0
931347.163198784 1929864.970415761 0
931346.9588031191 1929864.883334187 0
931346.7632625257 1929864.7961798948 0
931346.5500117764 1929864.709171056 0
931346.3542889423 1929864.5998282102 0
931346.140855951 1929864.4906308213 0
931345.9360957969 1929864.359172149 0
931345.7313356387 1929864.227713482 0
931345.5354305459 1929864.0961820926 0
931345.3393432167 1929863.9424621463 0
931345.1431647604 1929863.777647925 0
931344.9646964504 1929863.612688252 0
931344.7950832129 1929863.447655856 0
931344.6343250439 1929863.2825507359 0
931344.4824219483 1929863.117372891 0
931344.3306099634 1929862.9632893295 0
931344.178797975 1929862.809205771 0
931344.0268948597 1929862.644027935 0
931343.8661366624 1929862.4789228286 0
931343.6785398627 1929862.28075307 0
931343.4907608146 1929862.0603947518 0
931343.2852715987 1929861.840181897 0
931343.0708361727 1929861.608947494 0
931342.8563096141 1929861.3666188174 0
931342.6330190845 1929861.1354571541 0
931342.4184925013 1929860.8931284875 0
931342.221858309 1929860.6728429275 0
931342.0342614326 1929860.474673204 0
931341.8555196256 1929860.2764307554 0
931341.6946702161 1929860.1002314107 0
931341.5426758832 1929859.923959338 0
931341.3907726663 1929859.7587815463 0
931341.2029023793 1929859.5273289992 0
931341.0239782868 1929859.3068980065 0
931340.8808390073 1929859.1305532125 0
931340.7287535142 1929858.9431868736 0
931340.5589578522 1929858.7559659993 0
931340.3978350152 1929858.546483836 0
931340.2277659635 1929858.3259801276 0
931340.0576969052 1929858.1054764225 0
931339.8787727527 1929857.8850454532 0
931339.699848593 1929857.664614485 0
931339.5208332968 1929857.433089242 0
931339.350855325 1929857.223679832 0
931339.1985875153 1929857.0141249574 0
931339.0553570311 1929856.8266859148 0
931338.9122176685 1929856.6503411548 0
931338.7690783 1929856.4739963985 0
931338.6437402191 1929856.308600457 0
931338.5006008392 1929856.1322557055 0
931338.3306228181 1929855.9228463138 0
931338.1516985742 1929855.702415382 0
931337.9638281083 1929855.4709629056 0
931337.7580652056 1929855.2174673418 0
931337.5432649495 1929854.9418559559 0
931337.3374108935 1929854.67726612 0
931337.1316479528 1929854.423770571 0
931336.9525413895 1929854.1811511011 0
931336.7646708591 1929853.9496986517 0
931336.6034567078 1929853.7291222792 0
931336.442333677 1929853.5196401903 0
931336.2900657286 1929853.3100853679 0
931336.1468351195 1929853.1226463758 0
931336.0214969398 1929852.9572504722 0
931335.8961587553 1929852.7918545722 0
931335.7260894704 1929852.571350953 0
931335.5738214871 1929852.3617961435 0
931335.3858597461 1929852.119249444 0
931335.2336828746 1929851.9207889235 0
931335.0635224265 1929851.689191037 0
931334.8844157461 1929851.4465716097 0
931334.7142552767 1929851.2149737303 0
931334.5618961127 1929850.9943246578 0
931334.4097192038 1929850.7958641523 0
931334.2126289061 1929850.5201073731 0
931334.0514146254 1929850.2995310496 0
931333.9081839157 1929850.1120920954 0
931333.7648620673 1929849.9135588608 0
931333.6127762506 1929849.7261926485 0
931333.4696366541 1929849.54984798 0
931333.3264059166 1929849.3624090338 0
931333.1922125337 1929849.197085914 0
931333.0313627319 1929849.020886732 0
931332.8970782043 1929848.8444693352 0
931332.7272821651 1929848.657248618 0
931332.5484487552 1929848.4479120837 0
931332.3695242021 1929848.2274812714 0
931332.1907819107 1929848.0292390254 0
931332.0476422536 1929847.8528943819 0
931331.895465229 1929847.6544339193 0
931331.7433793301 1929847.4670677418 0
931331.6002396564 1929847.2907231052 0
931331.4748101662 1929847.11423299 0
931331.3580534947 1929846.915481572 0
931331.2679532388 1929846.727606212 0
931331.1866169387 1929846.5285638317 0
931331.1229908259 1929846.329375969 0
931331.0679464008 1929846.0968325234 0
931331.0306121651 1929845.864143594 0
931331.0109881179 1929845.6313091822 0
931331.0089831293 1929845.3872350059 0
931331.0246883365 1929845.143015346 0
931331.0577391939 1929844.8542730804 0
931331.1263015815 1929844.5763341282 0
931331.2127564381 1929844.320438257 0
931331.3082486712 1929844.0866582072 0
931331.4037409122 1929843.8528781568 0
931331.5257984495 1929843.618879885 0
931331.6306014735 1929843.4404985008 0
931331.7529324323 1929843.2397830759 0
931331.9017375573 1929843.0277551485 0
931332.0682528908 1929842.815581744 0
931332.2437144665 1929842.6144298837 0
931332.4103209487 1929842.4133507663 0
931332.5771097087 1929842.2344602146 0
931332.7262794068 1929842.0668094251 0
931332.88448648 1929841.9212744609 0
931333.095368496 1929841.7198316597 0
931333.2358653789 1929841.5744421824 0
931333.4028364384 1929841.417740209 0
931333.5962816747 1929841.2497257406 0
931333.8073459889 1929841.0704715194 0
931334.0447933526 1929840.868810528 0
931334.2911869606 1929840.6781710854 0
931334.5287254782 1929840.4876043883 0
931334.7575911684 1929840.3192989964 0
931334.9687466613 1929840.1511390859 0
931335.1535191165 1929840.0053859553 0
931335.3382915758 1929839.8596328278 0
931335.5055360983 1929839.73621374 0
931335.7255467236 1929839.5679811114 0
931335.9367022549 1929839.399821225 0
931336.1655680008 1929839.2315158742 0
931336.3328125478 1929839.1080968028 0
931336.5352041279 1929838.9511039504 0
931336.764161026 1929838.7938928958 0
931337.0017907809 1929838.6144205513 0
931337.2658036051 1929838.4125414486 0
931337.5387626707 1929838.2216839008 0
931337.8116306243 1929838.0197320792 0
931338.075734613 1929837.8289472826 0
931338.3134555492 1929837.6605692578 0
931338.5511764948 1929837.4921912388 0
931338.7800423452 1929837.3238859607 0
931339.0089993317 1929837.1666749683 0
931339.2556665353 1929837.0093185178 0
931339.4846235373 1929836.8521075412 0
931339.7136716717 1929836.7059908514 0
931339.9337735845 1929836.5488526165 0
931340.1451115231 1929836.402881402 0
931340.3564494691 1929836.2569101937 0
931340.5765514058 1929836.099771978 0
931340.7968355981 1929835.9648223293 0
931340.9994095799 1929835.8300181492 0
931341.210929799 1929835.7062355229 0
931341.4225411462 1929835.5935471822 0
931341.6166245304 1929835.5031928688 0
931341.8727847863 1929835.4234237322 0
931342.1114170746 1929835.36598862 0
931342.3679418232 1929835.330596621 0
931342.5979923706 1929835.3065170953 0
931342.8990660177 1929835.304044305 0
931343.1294810448 1929835.3243419179 0
931343.3600783091 1929835.3668280966 0
931343.5729653569 1929835.4094597378 0
931343.7683244259 1929835.4744254022 0
931344.0347977031 1929835.5720920898 0
931344.2570865566 1929835.6812167035 0
931344.4885038636 1929835.8235514378 0
931344.72001228 1929835.9769804599 0
931344.8981166995 1929836.0975630055 0
931345.1031508995 1929836.2623044983 0
931345.3260775363 1929836.4490891036 0
931345.5580415013 1929836.65798955 0
931345.7812414654 1929836.8780570084 0
931345.9777849865 1929837.0872483698 0
931346.1655645063 1929837.3076067413 0
931346.3443977986 1929837.5169435623 0
931346.5143759776 1929837.7263531135 0
931346.6842630333 1929837.9246683859 0
931346.8453860893 1929838.1341506669 0
931347.0064180252 1929838.3325386706 0
931347.1675410655 1929838.5420209593 0
931347.3286641001 1929838.7515032494 0
931347.4986422276 1929838.9609128202 0
931347.6687114624 1929839.1814166724 0
931347.8475446777 1929839.3907535241 0
931348.0085765638 1929839.589141547 0
931348.1874097621 1929839.7984784078 0
931348.3574789598 1929840.018982275 0
931348.5364032527 1929840.2394134228 0
931348.7240915255 1929840.4486775708 0
931348.9030157975 1929840.6691087265 0
931349.0819400623 1929840.8895398863 0
931349.3769828556 1929841.2310627454 0
931349.5737084082 1929841.462442751 0
931349.7615788474 1929841.6938954822 0
931349.949358168 1929841.9142539385 0
931350.1193361691 1929842.1236635605 0
931350.2982603691 1929842.344094745 0
931350.4594743635 1929842.564671376 0
931350.6117421407 1929842.7742264504 0
931350.7729561165 1929842.9948030864 0
931350.9253149875 1929843.215452447 0
931351.0776738485 1929843.4361018105 0
931351.2478340088 1929843.6677000143 0
931351.4269403641 1929843.9103197842 0
931351.6062289284 1929844.17512812 0
931351.7854263732 1929844.4288421776 0
931351.964714913 1929844.693650519 0
931352.1439123362 1929844.9473645845 0
931352.3320559526 1929845.2121002157 0
931352.5022160407 1929845.443698447 0
931352.672558336 1929845.6974852416 0
931352.8428095143 1929845.9401777606 0
931353.0308619802 1929846.1938191247 0
931353.1921669344 1929846.4254900885 0
931353.3623269746 1929846.657088337 0
931353.5324870078 1929846.888686588 0
931353.7026470318 1929847.1202848447 0
931353.8815710349 1929847.3407161052 0
931354.0605861319 1929847.5722416486 0
931354.2396012212 1929847.8037671973 0
931354.4096701002 1929848.0242711855 0
931354.5886851704 1929848.2557967408 0
931354.7588451379 1929848.4873950174 0
931354.9203322097 1929848.7412545744 0
931355.0904921583 1929848.9728528573 0
931355.2429419111 1929849.2045965767 0
931355.3953005543 1929849.4252460161 0
931355.5388040956 1929849.6459681746 0
931355.6823076317 1929849.8666903381 0
931355.8346662493 1929850.0873397852 0
931355.9780786651 1929850.2969676708 0
931356.1036897897 1929850.495646708 0
931356.2293009106 1929850.6943257486 0
931356.3548209211 1929850.8819105101 0
931356.4893782205 1929851.0916111192 0
931356.6148982192 1929851.2791958833 0
931356.749455506 1929851.4888964982 0
931356.8930500812 1929851.72071296 0
931357.0455908371 1929851.9635509918 0
931357.2158417645 1929852.2062435972 0
931357.3863659851 1929852.4822190502 0
931357.5567990916 1929852.7471002233 0
931357.7183770995 1929853.0120541148 0
931357.862062723 1929853.2549648737 0
931357.9879470607 1929853.4869267815 0
931358.0961212169 1929853.7190341188 0
931358.1951669801 1929853.9179313271 0
931358.2764114651 1929854.1058796823 0
931358.3846767055 1929854.3490813016 0
931358.4751406651 1929854.5813340696 0
931358.5655135247 1929854.8024925548 0
931358.6650147595 1929855.0568611731 0
931358.7464414221 1929855.2669980926 0
931358.8190129953 1929855.4772077263 0
931358.9007129477 1929855.7206274918 0
931358.9914501762 1929855.9861631058 0
931359.0733323168 1929856.2517714335 0
931359.1375953826 1929856.5286194668 0
931359.1929122594 1929856.7944459321 0
931359.2481380363 1929857.049178116 0
931359.2944176259 1929857.2928887317 0
931359.3317510331 1929857.5255777794 0
931359.3512831717 1929857.7473179714 0
931359.3796703921 1929857.9689854493 0
931359.3993847258 1929858.2129142026 0
931359.4103350748 1929858.4680099473 0
931359.4390866859 1929858.7340545491 0
931359.4679293961 1929859.0111934335 0
931359.4880081195 1929859.2994993094 0
931359.5170330214 1929859.5988267553 0
931359.537202843 1929859.898226912 0
931359.5661366433 1929860.1864600764 0
931359.6039255221 1929860.4746205295 0
931359.6504783824 1929860.7516139918 0
931359.6970312375 1929861.0286074535 0
931359.752348071 1929861.2944339237 0
931359.8076649035 1929861.5602603941 0
931359.8806918901 1929861.8259414416 0
931359.9446815958 1929862.0695066387 0
931360.0173441827 1929862.2908105657 0
931360.0900067659 1929862.512114492 0
931360.1714333233 1929862.7222514264 0
931360.2617149565 1929862.9323156534 0
931360.3431415079 1929863.14245259 0
931360.4512243841 1929863.3634656756 0
931360.5771085055 1929863.595427624 0
931360.7297400438 1929863.8493600043 0
931360.9002639211 1929864.1253355267 0
931361.0973530154 1929864.4010929225 0
931361.3031149802 1929864.6545890514 0
931361.482129512 1929864.886114754 0
931361.6521067696 1929865.095524606 0
931361.8042827708 1929865.2939856001 0
931361.9651316514 1929865.4701853273 0
931362.1080881855 1929865.6243419126 0
931362.2421896377 1929865.7785712099 0
931362.4296037226 1929865.954552819 0
931362.5991254603 1929866.1084912862 0
931362.7597010254 1929866.2514081849 0
931362.9556968784 1929866.3940342541 0
931363.1963324724 1929866.5806739123 0
931363.3922372188 1929866.7122057104 0
931363.6236533456 1929866.854540965 0
931363.8638334447 1929866.985709237 0
931364.112959704 1929867.1278990894 0
931364.3797960983 1929867.2699435374 0
931364.664433723 1929867.4229368602 0
931364.9755454634 1929867.564617793 0
931365.2952389923 1929867.6729431902 0
931365.5793300399 1929867.7593708597 0
931365.8811312306 1929867.845653128 0
931366.1650400863 1929867.9098922547 0
931366.4577129221 1929867.9629644062 0
931366.7502946651 1929868.0049422886 0
931367.0515492995 1929868.024658913 0
931367.3350026977 1929868.0334266752 0
931367.6182739213 1929868.0200058864 0
931367.874888842 1929867.9957089347 0
931368.1314126746 1929867.9603177088 0
931368.3878454221 1929867.9138322114 0
931368.6440960015 1929867.8451581597 0
931368.8914004242 1929867.7654625375 0
931369.1209947066 1929867.6859123255 0
931369.3682080527 1929867.5951224368 0
931369.6154214062 1929867.5043325552 0
931369.8801627405 1929867.3912087171 0
931370.1359579222 1929867.2670633076 0
931370.4005171 1929867.131750926 0
931370.6650762886 1929866.9964385512 0
931370.9562007051 1929866.860908087 0
931371.2204866594 1929866.692312889 0
931371.4583895692 1929866.546124359 0
931371.6784912595 1929866.388986951 0
931371.8808828058 1929866.231994947 0
931372.0568002241 1929866.0863153252 0
931372.2150074957 1929865.9407811037 0
931372.4081796648 1929865.739484689 0
931372.5397306441 1929865.5830742863 0
931372.7065197673 1929865.4041845335 0
931372.8818907278 1929865.1919392454 0
931373.0395515491 1929864.9798393557 0
931373.1618831551 1929864.7791245384 0
931373.2755418522 1929864.6006709824 0
931373.3976002292 1929864.3666733275 0
931373.5110767772 1929864.1660312144 0
931373.6066610207 1929863.9433459332 0
931373.6936634277 1929863.754016192 0
931373.7716286051 1929863.5425705893 0
931373.8582667044 1929863.308863727 0
931373.9449958882 1929863.0862511473 0
931374.0141059989 1929862.8748782428 0
931374.1006530332 1929862.6300771032 0
931374.1694899171 1929862.3854213583 0
931374.2208898836 1929862.1741938482 0
931374.2810538545 1929861.951799361 0
931374.3325449078 1929861.751666133 0
931374.3751808828 1929861.5516056002 9
931374.4177257811 1929861.3404507881 9
931374.4598152909 1929861.073824571 9
931374.502178037 1929860.8404811982 9
931374.518248782 1929860.6406387552 9
931374.5341373731 1929860.4186077507 9
931374.541261959 1929860.2077437213 9
931374.530129918 1929859.9304594018 9
931374.5011966319 1929859.642226192 9
931374.4728098178 1929859.4205586668 9
931374.426621759 1929859.187942254 9
931374.371396461 1929858.9332099743 9
931374.3073160781 1929858.678550392 9
931374.225525525 1929858.424036202 9
931374.1438260461 1929858.1806162926 9
931374.053180401 1929857.9261748006 9
931373.9450067433 1929857.6940672644 9
931373.8368330797 1929857.461959728 9
931373.7287504898 1929857.2409464747 9
931373.6119038903 1929857.0311002005 9
931373.4950572851 1929856.821253927 9
931373.3694466678 1929856.6225746337 9
931373.243927127 1929856.4349896207 9
931373.1272626652 1929856.2473319136 9
931373.010780359 1929856.0818627705 9
931372.8406210557 1929855.85026413 9
931372.6795900685 1929855.6518756354 9
931372.5095218264 1929855.4313712819 9
931372.3752382448 1929855.254953261 9
931372.2142072376 1929855.0565647772 9
931372.0441389713 1929854.8360604323 9
931371.8562694441 1929854.6046072082 9
931371.695147328 1929854.3951244527 9
931371.5429713727 1929854.1966632816 9
931371.3908864951 1929854.0092963944 9
931371.2566028676 1929853.8328783922 9
931371.122410315 1929853.6675546719 9
931371.0058368511 1929853.490991273 9
931370.8716442905 1929853.3256675592 9
931370.7463068123 1929853.1602711452 9
931370.6121142413 1929852.9949474346 9
931370.4867767531 1929852.8295510234 9
931370.316708397 1929852.609046714 9
931370.1556772888 1929852.4106582683 9
931370.030339783 1929852.245261865 9
931369.8960560991 1929852.0688438844 9
931369.7617724095 1929851.8924259047 9
931369.6186336228 1929851.716080631 9
931369.4396190493 1929851.4845547578 9
931369.3142815137 1929851.3191583664 9
931369.1712337955 1929851.1539073773 9
931369.0280949862 1929850.977562112 9
931368.8760099926 1929850.7901952695 9
931368.7327800851 1929850.6027557277 9
931368.5806950805 1929850.4153888903 9
931368.419754976 1929850.2280947578 9
931368.25872378 1929850.0297063482 9
931368.1065476657 1929849.83124524 9
931367.9455164525 1929849.6328568363 9
931367.8023775918 1929849.45651159 9
931367.6145078288 1929849.2250584601 9
931367.4622405972 1929849.015503081 9
931367.3191017159 1929848.839157844 9
931367.1579793775 1929848.6296751744 9
931366.9968570333 1929848.420192509 9
931366.8269706743 1929848.22187683 9
931366.7104881345 1929848.0564077713 9
931366.5851504968 1929847.8910114195 9
931366.4420115759 1929847.714666198 9
931366.2986904732 1929847.5161324174 9
931366.1466053568 1929847.3287656237 9
931365.9944291465 1929847.1303045524 9
931365.8421618394 1929846.9207492026 9
931365.6988407068 1929846.7222154324 9
931365.55561066 1929846.5347759444 9
931365.412471697 1929846.3584307393 9
931365.2781878208 1929846.1820128304 9
931365.1528501274 1929846.0166165014 9
931365.027512429 1929845.8512201717 9
931364.8574437902 1929845.6307159718 9
931364.705267519 1929845.4322549237 9
931364.5440539595 1929845.2116780223 9
931364.4097700494 1929845.0352601283 9
931364.2665399432 1929844.8478206631 9
931364.1054174553 1929844.6383380508 9
931363.9442038651 1929844.4177611622 9
931363.7741351714 1929844.1972569835 9
931363.5951202764 1929843.9657312336 9
931363.407250274 1929843.7342781979 9
931363.2283264544 1929843.5138467369 9
931363.0672039131 1929843.3043641453 9
931362.9060813662 1929843.0948815562 9
931362.7629422874 1929842.9185363962 9
931362.6198032048 1929842.7421912393 9
931362.4944654084 1929842.5767949463 9
931362.3065953448 1929842.345341934 9
931362.1455638529 1929842.1469536405 9
931362.0024247465 1929841.970608492 9
931361.8683229192 1929841.816379199 9
931361.7251837993 1929841.6400340567 9
931361.608701067 1929841.4745650694 9
931361.4745992268 1929841.3203357821 9
931361.340315191 1929841.1439179354 9
931361.2149773458 1929840.9785216625 9
931361.0984945968 1929840.813052683 9
931360.9642105426 1929840.6366348434 9
931360.8299264852 1929840.4602170067 9
931360.7044975236 1929840.28372646 9
931360.5791596533 1929840.1183301976 9
931360.4269831803 1929839.9198692255 9
931360.2656783097 1929839.6881981264 9
931360.1315764145 1929839.5339688607 9
931360.0061474269 1929839.3574783248 9
931359.880809527 1929839.1920820724 9
931359.7554716244 1929839.0266858204 9
931359.5853116153 1929838.7950874462 9
931359.4241888939 1929838.585604923 9
931359.2630661668 1929838.3761224037 9
931359.1020345278 1929838.1777341675 9
931358.9409117849 1929837.968251653 9
931358.77075173 1929837.736653295 9
931358.5828814568 1929837.5052003649 9
931358.394920074 1929837.2626531566 9
931358.2606359094 1929837.0862353598 9
931358.135297944 1929836.920839132 9
931358.0009226687 1929836.7333270593 9
931357.8576922799 1929836.545887701 9
931357.7144618868 1929836.3584483461 9
931357.5800865911 1929836.170936279 9
931357.4369472861 1929835.9945912098 9
931357.2937168744 1929835.8071518613 9
931357.1682877704 1929835.630661367 9
931357.0518048686 1929835.465192442 9
931356.8905909199 1929835.2446156873 9
931356.7204307541 1929835.013017371 9
931356.5502705813 1929834.7814190555 9
931356.380019295 1929834.5387264634 9
931356.263536363 1929834.37325755 9
931356.1293432103 1929834.2079340676 9
931356.0039140582 1929834.031443591 9
931355.8696297925 1929833.855025831 9
931355.7442006276 1929833.6785353592 9
931355.6100074537 1929833.5132118848 9
931355.4757231715 1929833.3367941317 9
931355.3414388838 1929833.160376382 9
931355.2070634848 1929832.972864352 9
931355.0639240762 1929832.7965193216 9
931354.911838448 1929832.6091527299 9
931354.768607921 1929832.421713424 9
931354.6252862855 1929832.22317984 9
931354.473200635 1929832.0358132562 9
931354.3211149802 1929831.8484466735 9
931354.1689382116 1929831.6499858145 9
931354.016852543 1929831.4626192385 9
931353.8558206514 1929831.2642311037 9
931353.7036438613 1929831.0657702517 9
931353.5514670642 1929830.8673094034 9
931353.3992902621 1929830.668848558 9
931353.2382583409 1929830.470460433 9
931353.0772264097 1929830.272072311 9
931352.9160122607 1929830.0514956322 9
931352.7548892075 1929829.8420132364 9
931352.5937661487 1929829.632530843 9
931352.4326430797 1929829.4230484539 9
931352.2715200047 1929829.2135660653 9
931352.1015418061 1929829.004156403 9
931351.9403276052 1929828.7835797411 9
931351.7792045061 1929828.5740973637 9
931351.627027621 1929828.3756365494 9
931351.4924698477 1929828.1659360197 9
931351.3492391716 1929827.978496771 9
931351.2060084894 1929827.791057526 9
931351.0716329135 1929827.603545561 9
931350.9372573341 1929827.416033601 9
931350.7941177422 1929827.2396886428 9
931350.6685972665 1929827.0521039655 9
931350.5431678924 1929826.8756135684 9
931350.4177385152 1929826.6991231753 9
931350.2923091329 1929826.5226327854 9
931350.1581157388 1929826.357309395 9
931350.0415414626 1929826.180746287 9
931349.9161120625 1929826.0042559004 9
931349.7906826595 1929825.8277655153 9
931349.6293772274 1929825.5960946186 9
931349.4950015842 1929825.4085826813 9
931349.3785183921 1929825.2431138617 9
931349.2441427377 1929825.0556019265 9
931349.1276595359 1929824.8901331099 9
931349.0021389885 1929824.7025484573 9
931348.8768006564 1929824.5371523662 9
931348.7333876378 1929824.3275246017 9
931348.6169044159 1929824.1620557928 9
931348.4915660706 1929823.996659709 9
931348.3749006151 1929823.8090023415 9
931348.2316697942 1929823.6215631466 9
931348.1061492083 1929823.433978507 9
931347.9449347997 1929823.2134019223 9
931347.7657368015 1929822.9596879473 9
931347.577501446 1929822.683858138 9
931347.3983034256 1929822.430144171 9
931347.228142745 1929822.1985460438 9
931347.0669282901 1929821.9779694744 9
931346.9148422878 1929821.7906030258 9
931346.7269713357 1929821.5591503575 9
931346.5480466118 1929821.33871925 9
931346.4049979381 1929821.173468644 9
931346.261858146 1929820.9971237625 9
931346.1008258709 1929820.798735772 9
931345.9129548765 1929820.567283123 9
931345.7160465157 1929820.3137146425 9
931345.5013367808 1929820.0491973367 9
931345.2954821561 1929819.784607311 9
931345.1075199986 1929819.542060399 9
931344.9374503114 1929819.3215565977 9
931344.7764179754 1929819.1231686329 9
931344.6243318734 1929818.9358022246 9
931344.4901382456 1929818.770478927 9
931344.3736548645 1929818.605010176 9
931344.2127136191 1929818.4177165027 9
931344.0873751002 1929818.2523204824 9
931343.9352889672 1929818.0649540874 9
931343.7920579528 1929817.8775149677 9
931343.6579554103 1929817.7232859607 9
931343.5147243841 1929817.5358468438 9
931343.353600862 1929817.3263646273 0
931343.2015146937 1929817.1389982444 0
931343.0046972907 1929816.8965241069 0
931342.861466236 1929816.7090850011 0
931342.7092889261 1929816.5106243491 0
931342.5572027311 1929816.323257977 0
931342.3961702798 1929816.1248700586 0
931342.2440840709 1929815.9375036936 0
931342.091906735 1929815.73904305 0
931341.9397293896 1929815.5405824105 0
931341.7787880318 1929815.353288783 0
931341.6266106722 1929815.1548281491 0
931341.4744333078 1929814.9563675176 0
931341.3133096837 1929814.7468853386 0
931341.1521860539 1929814.5374031626 0
931340.9909712924 1929814.316826711 0
931340.8209013927 1929814.096322992 0
931340.6418852345 1929813.8647977267 0
931340.4718153167 1929813.644294015 0
931340.2838528843 1929813.401747209 0
931340.1048366968 1929813.170221956 0
931339.9167831203 1929812.9165808782 0
931339.7287295323 1929812.6629398037 0
931339.5406759356 1929812.4092987336 0
931339.3436760675 1929812.144636121 0
931339.1556224476 1929811.8909950594 0
931338.9585314335 1929811.6152381755 0
931338.7616226556 1929811.3616698564 0
931338.5646227411 1929811.097007261 0
931338.3676228143 1929810.8323446703 0
931338.1707140026 1929810.5787763633 0
931337.9827514361 1929810.336229609 0
931337.7947888589 1929810.0936828577 0
931337.6157725309 1929809.8621576566 0
931337.4457935821 1929809.6527482853 0
931337.2846697574 1929809.4432661843 0
931337.1414384496 1929809.255827175 0
931336.9982071356 1929809.06838817 0
931336.8550669398 1929808.892043447 0
931336.7028893507 1929808.6935829003 0
931336.5328192263 1929808.473079267 0
931336.3449476935 1929808.241626829 0
931336.1568938971 1929807.9879858338 0
931335.9510386861 1929807.7233960354 0
931335.754038599 1929807.4587335049 0
931335.5659847651 1929807.2050925232 0
931335.3780220489 1929806.9625458252 0
931335.1990967199 1929806.742114957 0
931335.0378816546 1929806.5215386164 0
931334.8768488423 1929806.3231508406 0
931334.7336174261 1929806.135711873 0
931334.5903860058 1929805.9482729062 0
931334.4471545769 1929805.7608339444 0
931334.3039231439 1929805.5733949833 0
931334.1517454352 1929805.374934484 0
931333.9995677171 1929805.1764739847 0
931333.8563362643 1929804.989035033 0
931333.7130136741 1929804.7905018025 0
931333.5696910749 1929804.5919685748 0
931333.4352236113 1929804.393362611 0
931333.3006650074 1929804.1836623673 0
931333.1749615419 1929803.9738893893 0
931333.0490758019 1929803.7419278517 0
931332.9144260485 1929803.5211333372 0
931332.788540297 1929803.289171803 0
931332.6536171301 1929803.0350944516 0
931332.5186939576 1929802.7810171016 0
931332.3747333697 1929802.5048239336 0
931332.2397190476 1929802.2396523084 0
931332.0956673061 1929801.9523648648 0
931331.9605618333 1929801.6760989642 0
931331.8166012065 1929801.3999058045 0
931331.6814957162 1929801.1236399096 0
931331.546390217 1929800.8473740146 0
931331.4113758432 1929800.5822024024 0
931331.2763614588 1929800.3170307928 0
931331.1414382026 1929800.0629534656 0
931331.0065149384 1929799.808876141 0
931330.8804468113 1929799.5547260768 0
931330.7454323965 1929799.289554475 0
931330.6105091061 1929799.0354771554 0
931330.4755858099 1929798.781399838 0
931330.3317162242 1929798.5163009854 0
931330.1967017738 1929798.2511293916 0
931330.0616873172 1929797.9859578018 0
931329.9177265695 1929797.7097646764 0
931329.7826209597 1929797.4334988096 0
931329.6474242029 1929797.146138668 0
931329.5122274392 1929796.8587785256 0
931329.3681755182 1929796.5714911295 0
931329.2328875994 1929796.2730367114 0
931329.0977819428 1929795.9967708574 0
931328.9625851427 1929795.709410725 0
931328.8272971963 1929795.4109563138 0
931328.692191513 1929795.1346904663 0
931328.5569946858 1929794.8473303409 0
931328.430653 1929794.559897473 0
931328.295456155 1929794.2725373511 0
931328.1691144498 1929793.9851044882 0
931328.0427727383 1929793.6976716244 0
931327.9165221569 1929793.4213330464 0
931327.7902715673 1929793.1449944675 0
931327.672876122 1929792.8685831483 0
931327.546716653 1929792.603338853 0
931327.4294123338 1929792.3380218165 0
931327.3121080049 1929792.0727047806 0
931327.1948036667 1929791.8073877483 0
931327.0864456166 1929791.5530922492 0
931326.9869427162 1929791.2987240087 0
931326.8785846535 1929791.0444285145 0
931326.7702265845 1929790.7901330204 0
931326.6617773669 1929790.5247432492 0
931326.5534192849 1929790.2704477592 0
931326.4539163519 1929790.0160795245 0
931326.3543222727 1929789.7506170108 0
931326.245964172 1929789.4963215229 0
931326.1376060649 1929789.2420260392 0
931326.0381031102 1929788.9876578096 0
931325.9297449905 1929788.7333623273 0
931325.8303331626 1929788.4900883797 0
931325.7131198734 1929788.2358656465 0
931325.5960888577 1929788.0038314746 0
931325.4878218542 1929787.7606302781 0
931325.3706996867 1929787.5175018297 0
931325.2624326707 1929787.274300636 0
931325.145401632 1929787.0422664697 0
931325.0282794449 1929786.7991380256 0
931324.9023932344 1929786.5671766112 0
931324.7765070171 1929786.335215198 0
931324.6417656313 1929786.103326534 0
931324.5158794001 1929785.871365125 0
931324.3812291449 1929785.6505707458 0
931324.2644714891 1929785.4518194322 0
931324.1299123641 1929785.2421193356 0
931323.99535323 1929785.0324192413 0
931323.8519389308 1929784.8227918982 0
931323.7085246224 1929784.6131645576 0
931323.5562551477 1929784.4036099683 0
931323.4040768096 1929784.2051496608 0
931323.2696087877 1929784.0065438584 0
931323.1175215781 1929783.8191778348 0
931322.9653432192 1929783.620717536 0
931322.8220200132 1929783.4221844901 0
931322.6697504952 1929783.2126299164 0
931322.517663258 1929783.0252639046 0
931322.3568119986 1929782.8490649245 0
931322.195778439 1929782.6506773895 0
931322.0347448742 1929782.4522898567 0
931321.8735290073 1929782.231713768 0
931321.7035491167 1929782.0223047128 0
931321.533660362 1929781.8239899396 0
931321.3636804547 1929781.6145808913 0
931321.2115020128 1929781.4161206223 0
931321.0506506932 1929781.2399216676 0
931320.8807619096 1929781.0416069084 0
931320.7287657411 1929780.8653352098 0
931320.585533586 1929780.6778964803 0
931320.4513388858 1929780.5125735616 0
931320.325999346 1929780.3471778925 0
931320.1470730627 1929780.1267473402 0
931319.9950768646 1929779.9504756543 0
931319.8340431942 1929779.7520881626 0
931319.6996661668 1929779.5645766966 1
931319.5473964998 1929779.355022179 1
931319.4043465914 1929779.1897720296 1
931319.2521680598 1929778.9913117974 1
931319.1088446905 1929778.7927788142 1
931318.9657036142 1929778.6164343928 1
931318.8315088496 1929778.4511114988 1
931318.7061692453 1929778.2857158538 1
931318.5808296384 1929778.120320211 1
931318.4464525573 1929777.932808765 1
931318.2765636437 1929777.7344940575 1
931318.097454952 1929777.491874988 1
931317.8827432672 1929777.2273583831 1
931317.6767044397 1929776.9405804689 1
931317.4351537658 1929776.6429992982 1
931317.2201685847 1929776.3451998704 1
931317.0053656932 1929776.0695890079 1
931316.7996914139 1929775.8271882331 1
931316.602872298 1929775.5847147072 1
931316.415364105 1929775.3976398308 1
931316.2456573994 1929775.2215137214 1
931316.1026073563 1929775.0562636282 1
931315.906243969 1929774.8692615163 1
931315.7276820702 1929774.6932081764 1
931315.5760502989 1929774.5613136874 1
931315.3798691971 1929774.3965001488 1
931315.1659777432 1929774.2318321285 1
931314.9341936262 1929774.0451210705 1
931314.6935543239 1929773.8584827746 1
931314.4085479935 1929773.6611139989 1
931314.1145953181 1929773.4527237115 1
931313.8119697678 1929773.2665947496 1
931313.5181993773 1929773.080393042 1
931313.2245201309 1929772.9052856246 1
931312.9396960482 1929772.730105457 1
931312.6284887453 1929772.5773321392 1
931312.326136605 1929772.4244860704 1
931312.0237844535 1929772.271640013 1
931311.7216146094 1929772.140982526 1
931311.4282999301 1929772.0102522892 1
931311.126038909 1929771.868500545 1
931310.8327242106 1929771.737770328 1
931310.5218814744 1929771.6293742058 1
931310.2287490802 1929771.52083257 1
931309.9355255166 1929771.4011966644 1
931309.6423931065 1929771.2926550477 1
931309.3404966777 1929771.1952804863 1
931309.0298362265 1929771.1090729784 1
931308.719266932 1929771.033959761 1
931308.4175528074 1929770.958773791 1
931308.0982194896 1929770.8948276418 1
931307.7701221551 1929770.8420485486 1
931307.4422071438 1929770.811458029 1
931307.1231473079 1929770.7807947546 1
931306.8217978238 1929770.7499859605 1
931306.5116843249 1929770.7303442243 1
931306.2104260005 1929770.710629732 1
931305.8916396562 1929770.7132493444 1
931305.5906548311 1929770.7268177138 1
931305.2897611747 1929770.7514803724 1
931305.0241970556 1929770.7647576914 1
931304.7497777634 1929770.7781077866 1
931304.4843048145 1929770.8024794026 1
931304.2277782143 1929770.8378725376 1
931303.9801067896 1929770.8731929096 1
931303.7323441994 1929770.8974190108 1
931303.4758176048 1929770.9328121685 1
931303.2192910099 1929770.968205334 1
931302.936198892 1929771.0038168184 1
931302.6268147605 1929771.0729294633 1
931302.2997202828 1929771.142187662 1
931301.9814809856 1929771.2113731024 1
931301.6633328662 1929771.2916528336 1
931301.336238402 1929771.3609110704 1
931301.0180902937 1929771.4411908262 1
931300.708888543 1929771.5324921047 1
931300.4260699734 1929771.6013865124 1
931300.152197758 1929771.681302437 1
931299.8958535478 1929771.7388842653 1
931299.6486380441 1929771.8296761657 1
931299.4102777204 1929771.9203953003 1
931299.1984829262 1929772.0108961184 1
931299.0133448365 1929772.112272899 1
931298.7488748862 1929772.2586817741 1
931298.5549728097 1929772.3712256204 1
931298.3346875696 1929772.5061763553 1
931298.0970566956 1929772.685649764 1
931297.8418066638 1929772.876363015 1
931297.5778838238 1929773.0893376064 1
931297.3314889895 1929773.279978095 1
931297.0938581611 1929773.4594515355 1
931296.8914656772 1929773.6164453155 1
931296.7066923674 1929773.7621992668 1
931296.504299898 1929773.9191930566 1
931296.3194354221 1929774.0538527365 1
931296.0995149821 1929774.2331806507 1
931295.861884207 1929774.4126541275 1
931295.6946389158 1929774.536073987 1
931295.5363399846 1929774.670515352 1
931295.3691858844 1929774.8050294963 1
931295.2019406082 1929774.9284493648 1
931295.0260225306 1929775.0741305763 1
931294.8589596285 1929775.2197390134 1
931294.6741863894 1929775.3654930107 1
931294.5070323192 1929775.5000071742 1
931294.3311142635 1929775.6456884013 1
931294.1462498604 1929775.7803481312 1
931293.9614766485 1929775.9261021428 1
931293.7767946238 1929776.0829504419 1
931293.5830750689 1929776.2176829649 1
931293.3806827173 1929776.3746768334 1
931293.1870543594 1929776.5205036453 1
931292.9846620226 1929776.6774975231 1
931292.7734145235 1929776.8345641866 1
931292.5621670324 1929776.9916308566 1
931292.3509195492 1929777.1486975309 1
931292.166055211 1929777.2833573055 1
931291.9899548645 1929777.4068500223 1
931291.7787985883 1929777.575010992 1
931291.5763151172 1929777.7209106258 1
931291.4003059727 1929777.8554976352 1
931291.2242968361 1929777.9900846488 1
931291.0660892265 1929778.1356203796 1
931290.890080099 1929778.2702074002 1
931290.6788326793 1929778.427274119 1
931290.4588212871 1929778.595507907 1
931290.300431329 1929778.7188550918 1
931290.1333685816 1929778.8644636252 1
931289.9574506726 1929779.0101449473 1
931289.7727687934 1929779.1669933363 1
931289.5615214171 1929779.3240600834 1
931289.3592204028 1929779.4921483318 1
931289.1480642321 1929779.6603093694 1
931288.9370904492 1929779.8506589732 1
931288.7084063431 1929780.0411541522 1
931288.4708670812 1929780.2317221246 1
931288.2245638525 1929780.4334571692 1
931287.9694966632 1929780.6463592902 1
931287.7144294869 1929780.8592614161 1
931287.450507156 1929781.072236339 1
931287.1865848406 1929781.285211269 1
931286.9403728663 1929781.4980406333 1
931286.702833686 1929781.6886086576 1
931286.474058488 1929781.8680096196 1
931286.262902435 1929782.036170733 1
931286.0605103612 1929782.1931647842 1
931285.858027101 1929782.3390645576 1
931285.6821093395 1929782.4847459723 1
931285.5061003898 1929782.6193331107 1
931285.3212362842 1929782.7539930404 1
931285.1276994088 1929782.9109143266 1
931284.9076882459 1929783.0791482632 1
931284.6876770896 1929783.2473822064 1
931284.4500468143 1929783.4268560158 1
931284.2035613864 1929783.6064026244 1
931283.9747862943 1929783.7858036559 1
931283.7547751775 1929783.9540376272 1
931283.5612383591 1929784.1109589487 1
931283.3676103506 1929784.2567859937 1
931283.2004566393 1929784.39130039 1
931282.97159039 1929784.5596071729 1
931282.8042542951 1929784.6719330158 0
931282.6458645621 1929784.7952803515 0
931282.4699469081 1929784.9409618357 0
931282.2674637766 1929785.0868617017 0
931282.0914549385 1929785.2214489116 0
931281.9064997437 1929785.3450146401 0
931281.730399715 1929785.46850758 0
931281.5101150882 1929785.6034587696 0
931281.2634473869 1929785.760816906 0
931281.0078333343 1929785.9071535612 0
931280.8226045683 1929785.997436474 0
931280.6373758065 1929786.0877193904 0
931280.4521470484 1929786.1780023102 0
931280.2758646557 1929786.2793067212 0
931280.0112130723 1929786.403527644 0
931279.7466526967 1929786.5388428555 0
931279.561423958 1929786.6291257965 0
931279.3672488634 1929786.7083872554 0
931279.173164973 1929786.7987430014 0
931278.9613707681 1929786.8892443422 0
931278.7495765678 1929786.9797456893 0
931278.5377823719 1929787.0702470408 0
931278.3082778624 1929787.1608939928 0
931278.0786821512 1929787.24044667 0
931277.8491776511 1929787.3310936326 0
931277.6195819511 1929787.410646323 0
931277.3811310964 1929787.490271818 0
931277.1514441969 1929787.5587302404 0
931276.9307036701 1929787.6382101509 0
931276.7010167782 1929787.7066685862 0
931276.4801850508 1929787.7750542294 0
931276.268208485 1929787.8433670797 0
931276.0473767642 1929787.9117527336 0
931275.8354002053 1929787.9800655968 0
931275.6056221258 1929788.0374297812 0
931275.375935255 1929788.1058882528 0
931275.1373932321 1929788.174419532 0
931274.907888788 1929788.2650665767 0
931274.6694379821 1929788.3446921494 0
931274.4487887032 1929788.4352664063 0
931274.2282306429 1929788.5369349509 0
931274.0252916885 1929788.6273636178 0
931273.8223527431 1929788.7177922898 0
931273.6195962203 1929788.8304095278 0
931273.3991293863 1929788.9431723736 0
931273.1788449823 1929789.0781237872 0
931272.9586517964 1929789.2241694848 0
931272.7560777203 1929789.3589753048 0
931272.5535948625 1929789.504875409 0
931272.3334016986 1929789.6509211264 0
931272.1044445984 1929789.80813393 0
931271.8755787195 1929789.9764410227 0
931271.6291849616 1929790.1670822888 0
931271.3827000038 1929790.3466292834 0
931271.1362150565 1929790.5261762843 0
931270.8809661762 1929790.716890378 0
931270.625808524 1929790.9186987584 0
931270.3884524087 1929791.1314558184 0
931270.1598602453 1929791.3330458 0
931269.9576511238 1929791.5122288105 0
931269.7731523218 1929791.691266216 0
931269.5974174684 1929791.8591365363 0
931269.4482480843 1929792.026788443 0
931269.3167890138 1929792.1942947402 0
931269.141601474 1929792.4287307546 0
931268.992705759 1929792.6296655121 0
931268.861337924 1929792.8082660967 0
931268.7565355538 1929792.986648264 0
931268.6254413809 1929793.1985316945 0
931268.4593826889 1929793.4661777588 0
931268.3370524661 1929793.6668941064 0
931268.2060495325 1929793.8898718236 0
931268.0751378216 1929794.1239438236 0
931267.935370969 1929794.358088635 0
931267.8042768369 1929794.5699720795 0
931267.682037865 1929794.7817827184 0
931267.5509437486 1929794.9936661676 0
931267.428522352 1929795.1832882487 0
931267.2972458106 1929795.372983141 0
931267.1746419852 1929795.5404166658 0
931266.9817442818 1929795.7749983454 0
931266.709879994 1929796.0989895533 0
931266.552129255 1929796.2999971656 0
931266.3678130734 1929796.501223209 0
931266.1922608296 1929796.6912821676 0
931266.0077622263 1929796.8703196575 0
931265.8321187752 1929797.049284344 0
931265.6475289665 1929797.2172275626 0
931265.4539927932 1929797.3741493167 0
931265.278075702 1929797.519831171 0
931265.1021586191 1929797.6655130312 0
931264.9173863921 1929797.8112677068 0
931264.7149950984 1929797.9682622878 0
931264.512695035 1929798.1363511563 0
931264.3015398323 1929798.304512839 0
931264.0726743435 1929798.472820152 0
931263.8526640086 1929798.6410546596 0
931263.6325624633 1929798.7981948927 0
931263.4476990628 1929798.9328553204 0
931263.2628356682 1929799.0675157527 0
931263.0514980645 1929799.213488909 0
931262.875398604 1929799.3369822553 14
931262.7170094432 1929799.460329979 14
931262.5055806336 1929799.595208868 14
931262.2854791363 1929799.7523491373 14
931262.0389946596 1929799.9318964158 14
931261.8629864574 1929800.066484067 14
931261.6957421775 1929800.1899046246 14
931261.4491664995 1929800.3583576402 14
931261.2818310069 1929800.4706839272 14
931261.1234418909 1929800.5940316813 14
931260.9650527774 1929800.7173794406 14
931260.7360961935 1929800.8745925678 14
931260.5688519464 1929800.9980131495 14
931260.3223675452 1929801.177560479 14
931260.1552145388 1929801.3120753493 14
931259.98806154 1929801.446590223 14
931259.8120534001 1929801.581177917 14
931259.6184262076 1929801.7270055295 14
931259.4424180796 1929801.8615932313 14
931259.2576460436 1929802.0073480345 14
931259.0640188727 1929802.1531756595 14
931258.8703917062 1929802.29900329 14
931258.6768557772 1929802.455925202 14
931258.4832286244 1929802.6017528418 14
931258.3073117642 1929802.7474348494 14
931258.1401588237 1929802.8819497612 14
931257.9817697995 1929803.0052975777 14
931257.7793787587 1929803.1622923329 14
931257.5858428723 1929803.3192142732 14
931257.4186899525 1929803.4537292006 14
931257.2514458057 1929803.5771498492 14
931257.0491460273 1929803.7452389032 14
931256.8731379852 1929803.879826662 14
931256.6796021301 1929804.0367486228 14
931256.4948301901 1929804.1825034881 14
931256.2836753004 1929804.3506653826 14
931256.1165224222 1929804.4851803356 14
931255.9317505017 1929804.6309352159 14
931255.7823079184 1929804.7653045352 14
931255.59753601 1929804.911059421 14
931255.4040002027 1929805.067981413 14
931255.1929365925 1929805.2472376158 14
931254.9732003248 1929805.4487552051 14
931254.7444264516 1929805.6281570608 14
931254.5333628698 1929805.8074132798 14
931254.3399183417 1929805.9754295794 14
931254.1640928588 1929806.1322059573 14
931254.0147415677 1929806.2776695897 14
931253.8742454207 1929806.423060403 14
931253.689747294 1929806.6020981756 14
931253.5230506923 1929806.7920845863 14
931253.3651179966 1929806.9709038967 14
931253.2159492081 1929807.138556105 14
931253.0756355659 1929807.3061354933 14
931252.9266492681 1929807.4959762688 14
931252.7603176539 1929807.7303398198 14
931252.6202777473 1929807.9312020575 14
931252.4803290841 1929808.1431585795 14
931252.3316165326 1929808.3662822081 14
931252.1916678842 1929808.5782387357 14
931252.0606656214 1929808.8012167206 14
931251.9384272624 1929809.0130276033 14
931251.8162801494 1929809.2359327683 14
931251.7206984507 1929809.45861946 14
931251.6162616215 1929809.6813789774 14
931251.5293525881 1929809.881804283 14
931251.4512074562 1929810.071062484 14
931251.3646633931 1929810.315864916 14
931251.28697447 1929810.5605945238 14
931251.2092855517 1929810.8053241316 14
931251.1319616013 1929811.0944308648 14
931251.080564374 1929811.3056591537 14
931251.0203120135 1929811.5169602702 14
931250.9688235484 1929811.7170942808 14
931250.9085711963 1929811.9283953973 14
931250.8397374358 1929812.1730521838 14
931250.7709036818 1929812.417708972 14
931250.6933972803 1929812.6846271467 14
931250.6334186652 1929812.9292111087 14
931250.5646761657 1929813.1849621788 14
931250.5043325913 1929813.3851690188 14
931250.4616992852 1929813.585230208 14
931250.4195221906 1929813.8407627991 14
931250.3688549333 1929814.1407453418 14
931250.344296864 1929814.3850380005 14
931250.3111573899 1929814.6626863289 14
931250.2867818085 1929814.9291675503 14
931250.2534598547 1929815.184627316 14
931250.2289017928 1929815.4289199747 14
931250.2130163775 1929815.650951246 14
931250.1971309632 1929815.8729825176 14
931250.1813367921 1929816.1061080697 14
931250.1831616369 1929816.3279936872 14
931250.1850777242 1929816.5609735856 14
931250.2047040676 1929816.7938078311 14
931250.2065289122 1929817.015693448 14
931250.2082625147 1929817.2264847865 14
931250.2188512447 1929817.4372032953 14
931250.2383863436 1929817.6589432608 14
931250.257921444 1929817.8806832242 14
931250.2686926568 1929818.1135902964 14
931250.2884102376 1929818.3575188238 14
931250.3168917017 1929818.5902802425 14
931250.3451906801 1929818.8008531004 14
931250.3823447853 1929819.011353131 14
931250.42826277 1929819.2106860545 14
931250.483218364 1929819.4321347133 14
931250.529227586 1929819.6425619184 14
931250.592855816 1929819.841749189 14
931250.6742855319 1929820.0518850894 14
931250.7468601216 1929820.262093816 14
931250.8287460373 1929820.527701121 14
931250.9012293802 1929820.7268155678 100
931250.982567839 1929820.9258571912 100
931251.0550511727 1929821.1249716398 100
931251.1455184731 1929821.357223279 100
931251.2449321325 1929821.6004963762 100
931251.3442545433 1929821.8326751927 100
931251.4167378612 1929822.031789645 100
931251.489129935 1929822.219809817 100
931251.5705596091 1929822.4299457243 100
931251.6430429146 1929822.629060178 100
931251.7333277027 1929822.839123263 100
931251.8235212461 1929823.0380920682 100
931251.9225699066 1929823.2369880485 100
931252.0215273225 1929823.4247897503 100
931252.1293398548 1929823.6125186272 100
931252.2282972618 1929823.8003203298 100
931252.3361097849 1929823.988049209 100
931252.4706701427 1929824.1977481788 100
931252.6053217355 1929824.4185414314 100
931252.7667211562 1929824.6613047747 100
931252.9368844484 1929824.8929010183 100
931253.053369586 1929825.058368518 100
931253.169854717 1929825.2238360238 100
931253.2952862006 1929825.4003249872 100
931253.4295727977 1929825.5767411278 100
931253.5728057481 1929825.76417873 100
931253.7072748095 1929825.962783439 100
931253.8594541006 1929826.1612425016 100
931254.0116333847 1929826.3597015676 100
931254.1548663089 1929826.5471391792 100
931254.2893353441 1929826.7457438959 100
931254.4236219014 1929826.922160053 100
931254.5490533316 1929827.0986490352 100
931254.6743935244 1929827.264043738 100
931254.7998249466 1929827.4405327237 100
931254.9429665988 1929827.6168760667 100
931255.0773443625 1929827.8043865142 100
931255.2206684723 1929828.0029184248 100
931255.3728476935 1929828.2013775147 100
931255.525118141 1929828.4109308904 100
931255.6862436963 1929828.6204114477 100
931255.8473692458 1929828.8298920058 100
931255.9995484352 1929829.0283511078 100
931256.1338349185 1929829.2047672924 100
931256.2681213983 1929829.3811834785 100
931256.3934615215 1929829.5465782078 100
931256.5813348469 1929829.7780288798 100
931256.7066749581 1929829.9434236127 100
931256.840961412 1929830.1198398087 100
931257.0019956707 1929830.3182261088 100
931257.1810138468 1929830.5497496156 100
931257.3690695945 1929830.803388868 100
931257.5568516324 1929831.0237452842 100
931257.7627088163 1929831.2883331869 100
931257.9596196426 1929831.5418996352 100
931258.1565304571 1929831.7954660885 100
931258.3265109968 1929832.0048738755 100
931258.4785988391 1929832.1922387409 100
931258.6128852204 1929832.3686549638 100
931258.8007584224 1929832.6001056875 100
931258.9349535592 1929832.7654276346 100
931259.0692399219 1929832.941843866 100
931259.2302740745 1929833.1402302077 100
931259.4270023527 1929833.3716081274 100
931259.6148755099 1929833.6030588688 100
931259.8116037644 1929833.8344367961 100
931259.9726378827 1929834.0328231521 100
931260.1067417442 1929834.187050837 100
931260.2766309581 1929834.3853643825 0
931260.4639566946 1929834.5502494571 0
931260.6600463036 1929834.703967437 0
931260.8204417822 1929834.8246938398 0
931260.9983650189 1929834.9230860553 0
931261.2029448029 1929835.0323541071 0
931261.3985782475 1929835.1306006985 0
931261.6917091091 1929835.2391406116 0
931261.9314356297 1929835.3148345777 0
931262.1887811376 1929835.3792886422 0
931262.4372715309 1929835.4438155284 0
931262.6945258044 1929835.4971753263 0
931262.9339786301 1929835.5395864788 0
931263.1734314534 1929835.5819976379 0
931263.3951740582 1929835.6245544278 0
931263.6079703278 1929835.6560897592 0
931263.8207665957 1929835.6876250939 0
931264.0424179718 1929835.719087623 0
931264.2639781176 1929835.7394558764 0
931264.4766831566 1929835.7598969475 0
931264.698334528 1929835.7913594923 0
931264.9199858954 1929835.8228220434 0
931265.141546038 1929835.8431903196 0
931265.3631974021 1929835.8746528828 0
931265.584757542 1929835.895021171 0
931265.8064089027 1929835.9264837455 0
931266.0456792549 1929835.9467064254 0
931266.2938959372 1929835.9779505816 0
931266.5508765014 1929835.9980276544 0
931266.7990931799 1929836.0292718257 0
931267.0561649614 1929836.0604431955 0
931267.3132367431 1929836.091614573 0
931267.5614534131 1929836.1228587674 0
931267.8185251907 1929836.15403016 0
931268.0755057449 1929836.1741072796 0
931268.3237224114 1929836.2053514968 0
931268.5631751849 1929836.24776281 0
931268.8025367376 1929836.2790798484 0
931269.0418982884 1929836.3103968939 0
931269.2724047303 1929836.3417867534 0
931269.5029111702 1929836.3731766178 0
931269.7245625036 1929836.4046392965 0
931269.9462138328 1929836.4361019807 0
931270.1590100535 1929836.4676374777 0
931270.3629511654 1929836.4992457845 0
931270.6644808847 1929836.5522417973 0
931270.8685132078 1929836.5949443982 0
931271.0724543113 1929836.6265527233 0
931271.2764866326 1929836.669255334 0
931271.4804277326 1929836.7008636678 0
931271.7642472234 1929836.7540053301 0
931272.0481579243 1929836.8182412835 0
931272.3408325136 1929836.8713101607 0
931272.633598312 1929836.9354733292 0
931272.8375393997 1929836.967081697 0
931273.0415717005 1929837.0097843509 0
931273.2456039991 1929837.0524870085 0
931273.5294234655 1929837.1056287303 0
931273.7333645474 1929837.1372371197 0
931273.9373056276 1929837.1688455136 0
931274.1501930234 1929837.2114753912 0
931274.3630804168 1929837.2541052755 0
931274.5847317035 1929837.2855680815 0
931274.7886727764 1929837.317176496 0
931274.9927050577 1929837.3598791966 0
931275.205501233 1929837.3914148218 0
931275.4182974065 1929837.4229504496 0
931275.6311847874 1929837.465580366 0
931275.8529272717 1929837.5081374883 0
931276.0745785453 1929837.539600334 0
931276.2963210251 1929837.5821574687 0
931276.517972297 1929837.6136203243 0
931276.7308596668 1929837.6562502682 0
931276.9437470344 1929837.6988802173 0
931277.1565431926 1929837.7304158905 0
931277.3694305558 1929837.77304585 0
931277.5823179169 1929837.815675816 0
931277.7862589618 1929837.847284304 0
931278.0790246802 1929837.9114476622 0
931278.353988978 1929837.9646623447 0
931278.6291356802 1929838.0400655982 0
931278.9130462797 1929838.1043017828 0
931279.1083146181 1929838.1581716624 0
931279.312529263 1929838.2230630284 0
931279.5255990095 1929838.2878816053 0
931279.7298136478 1929838.3527729833 0
931279.9518296957 1929838.4286130557 0
931280.182609641 1929838.493286058 0
931280.4223358921 1929838.5689805518 0
931280.6710084435 1929838.6556965376 0
931280.9195897874 1929838.731318252 0
931281.1593160223 1929838.8070127661 0
931281.4078973593 1929838.8826344947 0
931281.6477147865 1929838.9694233036 0
931281.8962961138 1929839.0450450457 0
931282.1449686349 1929839.1317610752 0
931282.3759309431 1929839.2186226998 0
931282.6068932463 1929839.3054843307 0
931282.8290004432 1929839.392418759 0
931283.0423437288 1929839.4905202696 0
931283.2556870095 1929839.5886217824 0
931283.4868316904 1929839.6976719974 0
931283.7090300635 1929839.7957007315 0
931283.9490298356 1929839.9046781692 0
931284.1801744985 1929840.013728405 0
931284.4024640545 1929840.1228514377 0
931284.642463808 1929840.2318288938 0
931284.8736996492 1929840.3519734296 0
931285.1137905864 1929840.4720451804 0
931285.362736621 1929840.592044149 0
931285.60291874 1929840.723210196 0
931285.8430096556 1929840.8432819673 0
931286.0831917619 1929840.9744480264 0
931286.3233738581 1929841.105614094 0
931286.55479204 1929841.247947238 0
931286.7950653153 1929841.3902075982 0
931287.0265746752 1929841.543635036 0
931287.2402826304 1929841.6861137743 0
931287.4540817719 1929841.8396867993 0
931287.6677897122 1929841.982165548 0
931287.8816800311 1929842.146832866 0
931288.1043342494 1929842.3003331195 0
931288.3181333613 1929842.4539061664 0
931288.5408787554 1929842.6185007126 0
931288.7636241408 1929842.7830952657 0
931288.9864607088 1929842.9587841048 0
931289.2181523669 1929843.1344001633 0
931289.4409889161 1929843.3100890142 0
931289.6549703565 1929843.4858506573 0
931289.85124159 1929843.6617578762 0
931290.0385665263 1929843.8266436022 0
931290.2081812555 1929843.9916749033 0
931290.3689408819 1929844.156778993 0
931290.5297004997 1929844.3218830859 0
931290.6904601136 1929844.4869871805 0
931290.8422734339 1929844.6410697803 0
931290.9852316487 1929844.7952251695 0
931291.1371361468 1929844.960402055 0
931291.280185537 1929845.1256517312 0
931291.4319988351 1929845.279734343 0
931291.5751394045 1929845.4560783028 0
931291.7182799702 1929845.6324222651 0
931291.8613293399 1929845.7976719493 0
931292.0045610792 1929845.985110198 0
931292.1566479108 1929846.172475665 0
931292.3088259206 1929846.3709354172 0
931292.4698590214 1929846.56932239 0
931292.6220370167 1929846.7677821473 0
931292.7742150071 1929846.9662419078 0
931292.9175378928 1929847.164774452 0
931293.0608607719 1929847.3633069992 0
931293.1953285516 1929847.5619123315 0
931293.3298875088 1929847.771611947 0
931293.473301556 1929847.9812387812 0
931293.6078604995 1929848.1909383999 0
931293.7423282511 1929848.3895437405 0
931293.859085809 1929848.5882946441 0
931293.98478964 1929848.7980670505 0
931294.1104934649 1929849.0078394585 0
931294.2451435613 1929849.2286333696 0
931294.3709385601 1929849.4495000637 0
931294.4878784576 1929849.6704395371 0
931294.5959632569 1929849.8914517951 0
931294.7129031427 1929850.1123912735 0
931294.8210791145 1929850.3444978157 0
931294.9292550805 1929850.576604357 0
931295.0375222244 1929850.8198051825 0
931295.1456981786 1929851.0519117294 0
931295.2450190361 1929851.2840910552 0
931295.3354847976 1929851.516343163 0
931295.4348968279 1929851.7596167722 0
931295.5254537625 1929852.0029631637 0
931295.6247745967 1929852.2351424943 0
931295.7153315232 1929852.4784888863 0
931295.7969421681 1929852.7108137787 0
931295.8874990826 1929852.954160172 0
931295.9691097208 1929853.1864850665 0
931296.0595754408 1929853.4187371808 0
931296.1501323428 1929853.6620835778 0
931296.2407804176 1929853.9165242584 0
931296.3313373071 1929854.1598706583 0
931296.4218941915 1929854.4032170582 0
931296.512359889 1929854.6354691775 0
931296.6118630322 1929854.8898370836 0
931296.7024198989 1929855.1331834877 0
931296.7929767629 1929855.376529891 0
931296.8836248032 1929855.6309705793 0
931296.9740904755 1929855.8632227022 0
931297.0646473242 1929856.10656911 0
931297.1640592532 1929856.349842741 0
931297.2546160914 1929856.5931891515 0
931297.3541191904 1929856.847557066 0
931297.4446760159 1929857.0909034766 0
931297.553034188 1929857.3451986169 0
931297.6523549086 1929857.5773779722 0
931297.7517668065 1929857.8206516097 0
931297.8689800417 1929858.0748739762 0
931297.9860109121 1929858.3069077812 0
931298.1030417786 1929858.5389415885 0
931298.2112175535 1929858.771048173 0
931298.3281572255 1929858.9919877024 0
931298.4363329887 1929859.2240942905 0
931298.5621277309 1929859.4449610456 0
931298.6791585638 1929859.6769948613 0
931298.8050444722 1929859.9089559019 0
931298.9220752923 1929860.1409897204 0
931299.0478700107 1929860.361856484 0
931299.173755899 1929860.5938175295 0
931299.299550602 1929860.8146842958 0
931299.4253452985 1929861.035551065 0
931299.5511399885 1929861.256417835 0
931299.676934672 1929861.477284609 0
931299.8027293512 1929861.6981513817 0
931299.9284328441 1929861.9079238775 0
931300.0629914101 1929862.1176235992 0
931300.1886948904 1929862.3273960985 0
931300.3232534433 1929862.5370958245 0
931300.4579031689 1929862.7578898342 0
931300.5923705316 1929862.9564952832 0
931300.7269290646 1929863.1661950157 0
931300.8525413389 1929863.3648732428 0
931300.9870086829 1929863.5634786994 0
931301.1304222741 1929863.7731056632 0
931301.2737446824 1929863.9716383505 0
931301.4170670862 1929864.1701710387 0
931301.5603894811 1929864.3687037302 0
931301.7037118692 1929864.567236424 0
931301.847034253 1929864.7657691205 0
931301.9992117039 1929864.9642290454 0
931302.15138915 1929865.1626889745 0
931302.2947115109 1929865.361221678 0
931302.4468889405 1929865.5596816123 0
931302.5990663654 1929865.758141548 0
931302.7422975317 1929865.9455799786 0
931302.8944749427 1929866.1440399198 0
931303.0466523443 1929866.3424998648 0
931303.198829741 1929866.5409598122 0
931303.3509159551 1929866.7283254806 0
931303.5030933355 1929866.9267854325 0
931303.6552707109 1929867.1252453893 0
931303.8074480793 1929867.3237053475 0
931303.9595342658 1929867.5110710263 0
931304.1205666912 1929867.7094582194 0
931304.272744038 1929867.9079181869 0
931304.4337764485 1929868.1063053855 0
931304.5948088536 1929868.3046925876 0
931304.7558412488 1929868.5030797927 0
931304.9079273953 1929868.6904454893 0
931305.0778148479 1929868.8887599306 0
931305.2387560522 1929869.0760528634 0
931305.4086434892 1929869.2743673117 0
931305.5784397502 1929869.4615874828 0
931305.7481448336 1929869.6377133755 0
931305.9089948365 1929869.8139120392 0
931306.069844835 1929869.9901107063 0
931306.2394587257 1929870.1551423282 0
931306.4092549504 1929870.3423625135 0
931306.5878150689 1929870.518415655 0
931306.7753214166 1929870.7054903135 0
931306.9538815195 1929870.8815434629 0
931307.1412966849 1929871.0575238478 0
931307.3198567728 1929871.2335770042 0
931307.5162181574 1929871.4205789114 0
931307.712488368 1929871.5964865424 0
931307.9087585703 1929871.7723941777 0
931308.1138838333 1929871.9482290512 0
931308.3101540189 1929872.1241366956 0
931308.5063330298 1929872.2889500635 0
931308.7202221694 1929872.4536179039 0
931308.9252562326 1929872.618358516 0
931309.1391453554 1929872.7830263684 0
931309.3529433046 1929872.9365999429 0
931309.5578861781 1929873.0902462886 0
931309.7716841116 1929873.2438198752 0
931309.9855732017 1929873.4084877467 0
931310.199371119 1929873.5620613438 0
931310.4131690286 1929873.7156349476 0
931310.6359131606 1929873.8802300708 0
931310.8585661204 1929874.033730922 0
931311.0723640056 1929874.1873045405 0
931311.2949257862 1929874.3297111208 0
931311.5176698866 1929874.4943062668 0
931311.749086715 1929874.6366400975 0
931311.980594702 1929874.7900682134 0
931312.212102678 1929874.943496336 0
931312.4347555803 1929875.0969972282 0
931312.657226152 1929875.228309562 0
931312.8708416516 1929875.359694664 0
931313.0756020796 1929875.4911525324 0
931313.2624700508 1929875.6005673637 0
931313.4404829524 1929875.7100549608 0
931313.6718085564 1929875.8412945606 0
931313.8587676691 1929875.9618036868 0
931314.0279254908 1929876.071364057 0
931314.2237396595 1929876.1918004306 0
931314.4551563964 1929876.334134335 0
931314.6331692664 1929876.4436219556 0
931314.8288922594 1929876.552964062 0
931315.0425076905 1929876.684349219 0
931315.2472680513 1929876.81580714 0
931315.4607923115 1929876.936098025 0
931315.6654615023 1929877.0564616737 0
931315.8701306871 1929877.176825328 0
931316.0570897401 1929877.2973345031 0
931316.2439576288 1929877.4067494003 0
931316.4930844248 1929877.5489378436 0
931316.7245922404 1929877.702366091 0
931316.9383899227 1929877.8559398574 0
931317.1610426594 1929878.0094408721 0
931317.3748403259 1929878.16301465 0
931317.5974930463 1929878.3165156783 0
931317.8291831289 1929878.4921325173 0
931318.0609643579 1929878.678843644 0
931318.2926544184 1929878.854460496 0
931318.4442843072 1929878.986355028 0
931318.5959141913 1929879.1182495623 0
931318.7476352215 1929879.2612383815 0
931318.9082113071 1929879.4041544474 0
931319.0599323291 1929879.5471432714 0
931319.2115621911 1929879.679037817 0
931319.3632832029 1929879.822026647 0
931319.5776276945 1929880.0421661688 0
931319.7204936313 1929880.1852277587 0
931319.8633595633 1929880.3282893524 0
931320.0064077957 1929880.4935395108 0
931320.1493648689 1929880.6476953893 0
931320.283558031 1929880.8130183052 0
931320.4266062445 1929880.978268472 0
931320.5696544526 1929881.1435186397 0
931320.7127026572 1929881.3087688086 0
931320.846986946 1929881.485186015 0
931320.9902174375 1929881.672624753 0
931321.1333567728 1929881.848969212 0
931321.2677321963 1929882.0364807055 0
931321.4021076116 1929882.2239922024 0
931321.5276279635 1929882.4115764555 0
931321.6620033671 1929882.599087956 0
931321.7876148591 1929882.7977664932 0
931321.9044624352 1929883.0076120647 0
931322.0300739133 1929883.2062906048 0
931322.1469214777 1929883.41613618 0
931322.2725329441 1929883.6148147243 0
931322.3893804972 1929883.8246603038 0
931322.5062280444 1929884.0345058825 0
931322.6319306437 1929884.2442787131 0
931322.7488693249 1929884.4652185782 0
931322.8658080046 1929884.6861584447 0
931322.9738916212 1929884.9071710638 0
931323.0820663798 1929885.1392779655 0
931323.1990961869 1929885.371312119 0
931323.3161259877 1929885.6033462733 0
931323.442101983 1929885.8464019606 0
931323.5503678641 1929886.08960315 0
931323.6673976455 1929886.3216373087 0
931323.7755723676 1929886.5537442209 0
931323.8659458316 1929886.7749023514 0
931323.9474642384 1929886.9961332313 0
931324.0201275864 1929887.2174368638 0
931324.0838447346 1929887.4277189632 0
931324.1297606275 1929887.6270522834 0
931324.194024647 1929887.9039000745 0
931324.2495247574 1929888.1919148965 0
931324.2865855915 1929888.3913209657 0
931324.323646424 1929888.5907270347 0
931324.3519433502 1929888.8013001357 0
931324.3803314234 1929889.0229675178 0
931324.4087194928 1929889.2446348986 0
931324.4370164152 1929889.455208001 0
931324.4654956278 1929889.6879696653 0
931324.4939748415 1929889.9207313294 0
931324.5224540515 1929890.1534929944 0
931324.5510244059 1929890.3973489408 0
931324.5795036131 1929890.6301106056 0
931324.5991277725 1929890.8629450197 0
931324.6187519289 1929891.0957794343 0
931324.6296121822 1929891.3397808792 0
931324.6403812893 1929891.5726880427 0
931324.6423864941 1929891.8167622366 0
931324.6443916991 1929892.060836431 0
931324.6463969043 1929892.3049106265 0
931324.648219818 1929892.5267962576 0
931324.6324237847 1929892.7599216688 0
931324.6255739444 1929893.0040686124 0
931324.6098690587 1929893.2482883069 0
931324.5940730284 1929893.4814137188 0
931324.578276997 1929893.71453913 0
931324.5445885867 1929893.925621479 0
931324.5197552232 1929894.1366310765 0
931324.4773029153 1929894.3588804544 0
931324.4437056566 1929894.581057085 0
931324.4011622074 1929894.7922121824 0
931324.3498548645 1929895.0145343123 0
931324.289783627 1929895.2480234732 0
931324.2384762883 1929895.470345603 0
931324.1870778082 1929895.6815734522 0
931324.135770475 1929895.9038955814 0
931324.075608104 1929896.126290463 0
931324.024300777 1929896.348612595 0
931323.9729023083 1929896.559840446 0
931323.9214126933 1929896.759974016 0
931323.8528510252 1929897.0379130577 0
931323.7928709647 1929897.282496504 0
931323.7241270115 1929897.5382469837 0
931323.6553830625 1929897.793997464 0
931323.595767603 1929898.0829580408 0
931323.5184420646 1929898.3720641176 0
931323.4758075133 1929898.5721249399 0
931323.4243179264 1929898.7722585136 0
931323.3816833819 1929898.9723193366 0
931323.3301937976 1929899.17245291 0
931323.2788865137 1929899.3947750484 0
931323.2363431219 1929899.6059301544 0
931323.1850358434 1929899.828252292 0
931323.1337285656 1929900.050574433 0
931323.082330145 1929900.2618022894 0
931323.0397867631 1929900.4729573983 0
931322.9883883478 1929900.6841852558 0
931322.9460272671 1929900.917528928 0
931322.8947200056 1929901.13985107 0
931322.8523589303 1929901.3731947406 0
931322.8099978598 1929901.6065384143 0
931322.767454495 1929901.8176935236 0
931322.7250022787 1929902.039942913 0
931322.6823677677 1929902.2400037432 0
931322.648679446 1929902.451086103 0
931322.6060449415 1929902.6511469304 0
931322.5722654749 1929902.8511350076 0
931322.5215051273 1929903.1400228438 0
931322.470562488 1929903.4067221154 0
931322.4371476219 1929903.651087322 0
931322.4037327602 1929903.8954525264 0
931322.3704090497 1929904.150912016 0
931322.3457580752 1929904.384110188 0
931322.3210159554 1929904.6062140802 0
931322.3050377216 1929904.8171509358 0
931322.2889683398 1929905.0169935136 0
931322.2728989564 1929905.2168360897 0
931322.2479745431 1929905.4167514164 0
931322.2319963134 1929905.627688277 0
931322.2160180847 1929905.838625134 0
931322.200039857 1929906.049561993 0
931322.1841527772 1929906.2715931335 0
931322.168265703 1929906.4936242737 0
931322.152287476 1929906.7045611327 0
931322.1276365195 1929906.937759307 0
931322.1117494464 1929907.1597904474 101
931322.0961358228 1929907.4151044362 101
931322.0802487496 1929907.6371355758 101
931322.0734901611 1929907.8923768112 101
931322.066913868 1929908.1698066096 101
931322.0691926077 1929908.447163656 101
931322.079961781 1929908.680070823 101
931322.0906397998 1929908.901883708 101
931322.1193013298 1929909.156833935 101
931322.1569090344 1929909.4228056916 101
931322.212226794 1929909.6886319453 101
931322.2587806737 1929909.965625232 101
931322.3318996346 1929910.2424002648 101
931322.3866704885 1929910.4416608277 101
931322.4775906455 1929910.7293846412 101
931322.5323614954 1929910.9286452048 101
931322.5961696657 1929911.1500215805 101
931322.6600689838 1929911.382492239 101
931322.7417695004 1929911.6259116782 101
931322.8233788615 1929911.858236836 101
931322.9050793691 1929912.1016562765 101
931322.9866887237 1929912.3339814364 101
931323.0682980738 1929912.566306595 101
931323.1587624428 1929912.798559006 101
931323.2490445126 1929913.0086228529 101
931323.3305627014 1929913.2298537337 101
931323.4119897381 1929913.4399903324 101
931323.4933256208 1929913.639032651 101
931323.5836076738 1929913.8490965022 101
931323.6738897224 1929914.059160354 101
931323.7641717667 1929914.269224205 101
931323.8632176826 1929914.468121028 101
931323.953499718 1929914.678184882 101
931324.0526367719 1929914.8881759879 101
931324.142827649 1929915.0871455632 101
931324.2418735467 1929915.286042389 101
931324.3410105889 1929915.496033497 101
931324.4577665216 1929915.6947848261 101
931324.5569035516 1929915.9047759376 101
931324.6648955983 1929916.1146943008 101
931324.7816515152 1929916.3134456342 101
931324.8806062378 1929916.501248185 101
931324.9883248312 1929916.6778837063 101
931325.096134566 1929916.8656135104 101
931325.2038531505 1929917.0422490365 101
931325.3027167076 1929917.2189573103 101
931325.4104352831 1929917.3955928371 101
931325.5092988341 1929917.572301113 101
931325.6260547113 1929917.7710524579 101
931325.751665605 1929917.9697310573 101
931325.8771853459 1929918.1573153734 101
931326.0205062644 1929918.3558484793 101
931326.1639183207 1929918.5654758692 101
931326.32504041 1929918.774957767 101
931326.4772163285 1929918.9734181317 101
931326.6382472562 1929919.1718057531 101
931326.7992781785 1929919.3701933774 101
931326.9602179476 1929919.5574867222 101
931327.1211577117 1929919.7447800715 101
931327.2820063236 1929919.9209791394 101
931327.4339087704 1929920.0861566763 101
931327.5857200667 1929920.2402399348 101
931327.7910260318 1929920.438263844 101
931327.9517834741 1929920.6033686446 101
931328.1124497704 1929920.7573791654 101
931328.2818799334 1929920.900222661 101
931328.4424550765 1929921.0431389068 101
931328.6118852303 1929921.1859824092 101
931328.8258638822 1929921.3617450353 101
931329.0575525569 1929921.5373621788 101
931329.2179453911 1929921.6580898731 101
931329.4405967556 1929921.8115912066 101
931329.672011985 1929921.9539255188 101
931329.8858083156 1929922.107499609 101
931330.1171323898 1929922.2387396512 101
931330.3484564568 1929922.3699796991 101
931330.5887266722 1929922.512241295 101
931330.8378518918 1929922.654430152 101
931331.1046871319 1929922.7964735322 101
931331.2826076678 1929922.8948672176 101
931331.4781470905 1929922.9820211409 101
931331.6648314948 1929923.0692478083 101
931331.9225382823 1929923.1780811097 101
931332.153680021 1929923.2871326453 101
931332.3490371522 1929923.3520980228 101
931332.5977977742 1929923.4499098046 101
931332.7931548959 1929923.5148751936 101
931332.9973670304 1929923.5797678456 101
931333.2014880263 1929923.6335662212 101
931333.414464033 1929923.6872918606 101
931333.6450589293 1929923.7297777447 101
931333.8490887827 1929923.7724818524 101
931334.0709197948 1929923.8261347692 101
931334.301423552 1929923.8575263899 101
931334.5142172783 1929923.889063492 101
931334.753576043 1929923.920382385 101
931334.975133646 1929923.940752478 101
931335.214310142 1929923.9498828198 101
931335.4268304651 1929923.9481371013 101
931335.6570608169 1929923.946245911 101
931335.8783450214 1929923.933333183 101
931336.0819192 1929923.9205659376 101
931336.2854022478 1929923.896704414 101
931336.5596342726 1929923.8611667152 101
931336.8251024189 1929923.8367960472 101
931337.0462043671 1929923.801694786 101
931337.3028175005 1929923.7773968678 101
931337.5240105817 1929923.7533899022 101
931337.7362575212 1929923.7183613956 101
931337.9486867202 1929923.7055214588 101
931338.1520786512 1929923.6705656983 101
931338.3998367777 1929923.6463405497 101
931338.6209387367 1929923.6112393315 101
931338.8774607518 1929923.5758471794 101
931339.142837785 1929923.5403823024 101
931339.3638486223 1929923.4941868216 101
931339.6025694895 1929923.447845878 101
931339.8500542487 1929923.3903379277 101
931340.0974478829 1929923.321735701 101
931340.3181853534 1929923.2422574002 101
931340.5123577858 1929923.162997301 101
931340.7594780561 1929923.0611122514 101
931340.9624143861 1929922.970685148 101
931341.191824641 1929922.868945575 101
931341.4388538036 1929922.7559662606 101
931341.6241712429 1929922.6767789214 101
931341.8271075912 1929922.5863518422 101
931342.0212800526 1929922.5070917788 101
931342.2065063773 1929922.4168101712 101
931342.435916662 1929922.3150706324 101
931342.6298157648 1929922.202527738 101
931342.850188798 1929922.0786723767 101
931343.0174317461 1929921.9552534018 101
931343.1758196838 1929921.83190716 101
931343.3430626394 1929921.7084881908 101
931343.5193428607 1929921.6071850606 101
931343.7397159226 1929921.4833297236 101
931343.9867451595 1929921.3703504854 101
931344.2338655257 1929921.2684655385 101
931344.4900231521 1929921.188696433 101
931344.6931418063 1929921.120457988 101
931344.9316805286 1929921.0519286348 101
931345.1967843056 1929920.983181105 101
931345.470743101 1929920.9143608573 101
931345.7625030542 1929920.8564894455 101
931346.0454079949 1929920.7986907698 101
931346.310694024 1929920.7521318388 101
931346.5582700205 1929920.7057183709 101
931346.7794632042 1929920.6817116516 101
931346.9917102556 1929920.6466833823 101
931347.2923252443 1929920.5887392974 101
931347.5309551175 1929920.5313043012 101
931347.8048228319 1929920.451389848 101
931348.0964005826 1929920.371329955 101
931348.414270047 1929920.2577690524 101
931348.7145206024 1929920.1554478924 101
931349.005825029 1929920.0421051849 101
931349.2706555275 1929919.9400749414 101
931349.5001570738 1929919.8494298793 101
931349.720985834 1929919.7810461104 101
931349.9240134497 1929919.7017135113 101
931350.1182771642 1929919.6335479221 101
931350.3830165762 1929919.5204234305 101
931350.6652838048 1929919.384964941 101
931350.8681292152 1929919.2834438013 101
931351.0798296486 1929919.181849946 101
931351.3090579013 1929919.0579220902 101
931351.5383772714 1929918.9450885206 101
931351.7676055394 1929918.8211606767 101
931351.9791237748 1929918.6973782799 101
931352.1817869976 1929918.57366861 101
931352.3756863171 1929918.461125947 101
931352.5517844922 1929918.3376344454 101
931352.8072134103 1929918.1691113433 101
931353.0272222635 1929918.0008791266 101
931353.2294299736 1929917.821698074 101
931353.4053459626 1929917.6760180274 101
931353.6254459444 1929917.5188801098 101
931353.8629826558 1929917.3283139153 101
931354.1269022217 1929917.1153410098 101
931354.381966783 1929916.9024408306 101
931354.6282674408 1929916.7007076582 101
931354.8569491775 1929916.5102142098 101
931355.067829774 1929916.3087719216 101
931355.2702197803 1929916.151779482 101
931355.4461358377 1929916.0060994814 101
931355.6133790903 1929915.8826807633 101
931355.8333880578 1929915.7144486245 101
931356.0182502607 1929915.5797902008 101
931356.2472053707 1929915.4225796363 101
931356.4408315046 1929915.2767542242 101
931356.6345487471 1929915.1420230977 101
931356.8635038827 1929914.984812552 101
931357.0747489794 1929914.8277474437 101
931357.3125591523 1929914.670464195 101
931357.4885663791 1929914.5358785198 101
931357.6912297809 1929914.412168986 0
931357.8585642005 1929914.2998445951 0
931358.0610454117 1929914.1539465077 0
931358.2547627082 1929914.019215421 0
931358.4307699616 1929913.8846297648 0
931358.6508701412 1929913.7274919837 0
931358.8180223854 1929913.5929790488 0
931359.011648604 1929913.4471536984 0
931359.1877469841 1929913.323662341 0
931359.3724270931 1929913.1668154306 0
931359.5748172579 1929913.009823098 0
931359.8124453299 1929912.830351359 0
931360.0499823126 1929912.6397853459 0
931360.2875193083 1929912.4492193398 0
931360.5251474113 1929912.2697476214 0
931360.7714483533 1929912.0680146355 0
931361.0001303537 1929911.8775213605 0
931361.2288123646 1929911.6870280935 0
931361.4399665287 1929911.518868814 0
931361.6245556226 1929911.3509276733 0
931361.8180908471 1929911.194008108 0
931362.0027710524 1929911.037161257 0
931362.1785962356 1929910.8803871202 0
931362.3545125239 1929910.734707269 0
931362.5481388724 1929910.588882002 0
931362.7505291591 1929910.4318897494 0
931362.9527372625 1929910.2527089382 0
931363.1903654849 1929910.0732372985 0
931363.4192297845 1929909.904932655 0
931363.6480030011 1929909.725533738 0
931363.8943951873 1929909.5348951274 0
931364.1496424153 1929909.344183819 0
931364.4047985591 1929909.1423782348 0
931364.6600458084 1929908.951666943 0
931364.9240570078 1929908.7497886694 0
931365.1879771252 1929908.5368161236 0
931365.4608433797 1929908.3348651605 0
931365.7423824936 1929908.1106529387 0
931366.0240127138 1929907.8975350077 0
931366.3056429462 1929907.6844170871 0
931366.5960371349 1929907.4601321893 0
931366.8951952795 1929907.2246803166 0
931367.1944445306 1929907.0003227352 0
931367.4847476752 1929906.7649435878 0
931367.7928519921 1929906.540513324 0
931368.0831551717 1929906.3051341996 0
931368.3824044851 1929906.0807766619 0
931368.6640348407 1929905.8676588228 0
931368.9191911991 1929905.6658533823 0
931369.1655836267 1929905.4752149326 0
931369.3942659983 1929905.2847218956 0
931369.6318944993 1929905.1052504433 0
931369.8607590637 1929904.9369459813 0
931370.0806775207 1929904.7576199456 0
931370.3094510158 1929904.5782212156 0
931370.5382245253 1929904.398822491 0
931370.7669980422 1929904.2194237732 0
931370.9957715691 1929904.0400250629 0
931371.2334001396 1929903.8605536574 0
931371.4622647724 1929903.69224924 0
931371.6998933628 1929903.5127778486 0
931371.9286669288 1929903.3333791653 0
931372.1487676381 1929903.1762417476 0
931372.3688683511 1929903.0191043364 0
931372.5624039695 1929902.8621850281 0
931372.7649767945 1929902.7273815875 0
931372.9497484735 1929902.581629267 0
931373.1347023222 1929902.4580655135 0
931373.3195650927 1929902.3234074835 0
931373.5044278714 1929902.1887494565 0
931373.680526701 1929902.0652584138 0
931373.8477704976 1929901.941840071 0
931374.0150143013 1929901.8184217312 0
931374.1911131461 1929901.6949306983 0
931374.3935038656 1929901.5379387366 0
931374.6136046657 1929901.3808013855 0
931374.8777984994 1929901.2011119989 0
931375.1682842207 1929900.9879216892 0
931375.4675339157 1929900.763564412 0
931375.6437238823 1929900.6511676924 0
931375.8109677358 1929900.52774939 0
931375.9781205187 1929900.3932368099 0
931376.1630744601 1929900.2696731251 0
931376.348028407 1929900.1461094446 0
931376.5240362418 1929900.0115241827 0
931376.7001351615 1929899.888033203 0
931376.8849069714 1929899.7422809717 0
931377.0697698619 1929899.6076230262 0
931377.245868798 1929899.4841320605 0
931377.4131127006 1929899.3607137909 0
931377.5891205714 1929899.226128551 0
931377.7385633285 1929899.0917613937 0
931378.0377220847 1929898.8563099308 0
931378.3281168928 1929898.6320254516 0
931378.5920376695 1929898.4190533406 0
931378.8560495358 1929898.2171755193 0
931379.102442406 1929898.0265373727 0
931379.3313073533 1929897.8582331766 0
931379.5424622312 1929897.6900743712 0
931379.744944218 1929897.5441768218 0
931379.9385711732 1929897.3983519706 0
931380.1234341665 1929897.2636940943 0
931380.308206094 1929897.117941941 0
931380.4843051276 1929896.9944510448 0
931380.6604041688 1929896.8709601527 0
931380.8276481738 1929896.7475419524 0
931381.0036561519 1929896.6129567863 0
931381.1884281088 1929896.4672046541 0
931381.3997651978 1929896.3212344572 0
931381.62863024 1929896.1529303272 0
931381.8839693458 1929895.973313856 0
931382.1568364108 1929895.7713634535 0
931382.4561775454 1929895.5581007148 0
931382.6145665601 1929895.4347552415 0
931382.9314356697 1929895.199158584 0
931383.089824696 1929895.0758131177 0
931383.3979298592 1929894.8513834465 0
931383.5563188989 1929894.7280379892 0
931383.8556601063 1929894.514775304 0
931384.1372912454 1929894.301658 0
931384.4013033725 1929894.0997803595 0
931384.6389325113 1929893.9203093464 0
931384.8766527284 1929893.7519326217 0
931385.0966628612 1929893.583701274 0
931385.3079090253 1929893.4266368982 0
931385.5190641326 1929893.2584782462 0
931385.7479293408 1929893.0901742324 0
931385.976794556 1929892.921870224 0
931386.2320427892 1929892.731159608 0
931386.4871999726 1929892.5293547192 0
931386.760067258 1929892.3274044718 0
931387.0416985444 1929892.1142872672 0
931387.3320938245 1929891.8900031124 0
931387.6313441693 1929891.665646283 0
931387.9305034683 1929891.430195185 0
931388.229662784 1929891.1947440966 0
931388.5288221143 1929890.9592930197 0
931388.8280725242 1929890.7349362357 0
931389.1272318923 1929890.4994851807 0
931389.4000082476 1929890.2864407406 0
931389.6639295685 1929890.0734689906 0
931389.9015589363 1929889.8939981307 0
931390.1391883121 1929889.7145272796 0
931390.3413975025 1929889.5353471506 0
931390.5525528087 1929889.3671886295 0
931390.7550351898 1929889.2212913572 0
931390.9398074793 1929889.0755394467 0
931391.1421077573 1929888.9074536194 0
931391.3621181473 1929888.7392224409 0
931391.5995654736 1929888.5375630711 0
931391.8547229117 1929888.3357583494 0
931392.1187354148 1929888.13388096 0
931392.3915119254 1929887.9208366205 0
931392.6378143505 1929887.7191046018 0
931392.8842078426 1929887.5284668729 0
931393.1129823003 1929887.349068785 0
931393.3419388745 1929887.1918592642 0
931393.5356573592 1929887.0571290164 0
931393.7383219533 1929886.933420379 0
931393.9409865558 1929886.8097117464 0
931394.1525972693 1929886.6970247235 0
931394.3816449356 1929886.5509095136 0
931394.6195476599 1929886.404721635 0
931394.8663054446 1929886.2584610896 0
931395.1219182927 1929886.1121278757 0
931395.3952412526 1929885.9656493235 0
931395.6862743298 1929885.8190254297 0
931395.9860714191 1929885.6612345942 0
931396.2949056734 1929885.5255596589 0
931396.6037399375 1929885.3898847348 0
931396.9304664173 1929885.2762530376 0
931397.2571018566 1929885.1515270749 0
931397.5839194051 1929885.0489896839 0
931397.8841717959 1929884.9466703224 0
931398.1846062918 1929884.8665395328 0
931398.4673306856 1929884.7865540944 0
931398.7412910755 1929884.7177356186 0
931399.0328705333 1929884.6376775305 0
931399.3333960967 1929884.5686410633 0
931399.633921665 1929884.4996046075 0
931399.9521573463 1929884.4304228236 0
931400.2704840777 1929884.3723353324 0
931400.5976658677 1929884.314175185 0
931400.9073196416 1929884.278348949 0
931401.1905903425 1929884.2649292902 0
931401.4650970312 1929884.2626765887 0
931401.7308397108 1929884.2715908445 0
931402.0142924984 1929884.2803597753 0
931402.3333475868 1929884.3110266093 0
931402.670203823 1929884.3526424044 0
931403.0425713137 1929884.4050618294 0
931403.4061747885 1929884.4686482185 0
931403.7521591876 1929884.5434742328 0
931404.0805245123 1929884.629539874 0
931404.4265999399 1929884.715460197 0
931404.7728574361 1929884.8235690985 0
931405.1369160688 1929884.9426269648 0
931405.3411285375 1929885.0075213856 0
931405.7051871538 1929885.126579278 0
931406.0518087652 1929885.2790653529 0
931406.3894842736 1929885.4205298254 0
931406.7006856507 1929885.5733065768 0
931407.0031229953 1929885.7372502827 0
931407.2701401201 1929885.901484646 0
931407.5372482674 1929886.0768132983 0
931407.7865552641 1929886.2411930002 0
931408.0181521494 1929886.4057180306 0
931408.2320389196 1929886.5703883877 0
931408.4282155782 1929886.735204072 0
931408.6065910899 1929886.8890708 0
931408.776020512 1929887.0319159091 0
931408.9454499284 1929887.174761024 0
931409.1150614037 1929887.339794703 0
931409.3026560756 1929887.5379659096 0
931409.5080518727 1929887.7470860821 0
931409.7223937424 1929887.967227882 0
931409.9370086981 1929888.2206525286 0
931410.1605697226 1929888.485098804 0
931410.3752756838 1929888.7496177442 0
931410.5899816315 1929889.0141366892 0
931410.8045965345 1929889.267561358 0
931411.0105384379 1929889.5432472534 0
931411.2340993938 1929889.8076935578 0
931411.4399502396 1929890.0722851795 0
931411.6456190123 1929890.3146882472 0
931411.8335776781 1929890.557236632 0
931412.012590254 1929890.7887633976 0
931412.2003668398 1929891.009123229 0
931412.3795614566 1929891.2628385643 0
931412.6031223241 1929891.5272849042 0
931412.8536124306 1929891.8358904065 0
931412.9878035536 1929892.0012147846 0
931413.1219946691 1929892.1665391654 0
931413.2828419441 1929892.3427398643 0
931413.4260701519 1929892.530180158 0
931413.5782444238 1929892.7286420783 0
931413.7303276634 1929892.9160097218 0
931413.9001209835 1929893.1032320582 0
931414.0611502809 1929893.3016213332 0
931414.2131424702 1929893.477894703 0
931414.3652256823 1929893.6652623562 0
931414.5084538413 1929893.8527026684 0
931414.6604460137 1929894.0289760467 0
931414.8035831338 1929894.2053220817 0
931414.9466292222 1929894.3705738378 0
931415.0809112875 1929894.546992531 0
931415.2151023237 1929894.7123169461 0
931415.3315832667 1929894.8777866678 0
931415.4657742906 1929895.0431110868 0
931415.7074091481 1929895.3517893255 0
931415.9400979166 1929895.649445943 0
931416.1638406073 1929895.9360809384 0
931416.3874922564 1929896.2116216575 0
931416.5933427849 1929896.476213408 0
931416.7903382595 1929896.7408778127 0
931416.9872426965 1929896.994447942 0
931417.1930021641 1929897.2479454253 0
931417.3987616216 1929897.5014429116 0
931417.6046120848 1929897.7660346841 0
931417.8105535595 1929898.041720744 0
931418.02535006 1929898.3173341572 0
931418.2490926071 1929898.6039692077 0
931418.4816901798 1929898.890531615 0
931418.7232337937 1929899.1881156585 0
931418.8397146066 1929899.3535854297 0
931419.0813492154 1929899.6622637652 0
931419.3319298663 1929899.9819637374 0
931419.4573567137 1929900.1584551493 0
931419.582692536 1929900.3238522834 0
931419.7080283533 1929900.4892494155 0
931419.8422192046 1929900.6545739041 0
931419.9676460292 1929900.8310653225 0
931420.1106919064 1929900.9963171654 0
931420.2360277034 1929901.161714308 0
931420.3702185315 1929901.3270388031 0
931420.4956453396 1929901.5035302313 0
931420.7462258802 1929901.8232302452 0
931420.9878603488 1929902.1319086351 0
931421.2206397648 1929902.440659678 0
931421.444473112 1929902.7383890948 0
931421.6593603919 1929903.0250968817 0
931421.8742476574 1929903.3118046734 0
931422.080188858 1929903.5874908357 0
931422.2861300474 1929903.8631770043 0
931422.4831251698 1929904.1278415415 0
931422.6801202821 1929904.3925060835 0
931422.868169334 1929904.6461489948 0
931423.0650734067 1929904.8997192641 0
931423.2619774677 1929905.1532895397 0
931423.4678275634 1929905.4178814548 0
931423.6737686585 1929905.6935676546 0
931423.9064568665 1929905.9912244931 0
931424.1390540418 1929906.2777870533 0
931424.3806882591 1929906.5864655396 0
931424.5060238899 1929906.7518627439 0
931424.7476580825 1929907.060541241 0
931424.8818487287 1929907.2258658074 0
931425.0071843402 1929907.391263021 0
931425.141374976 1929907.5565875901 0
931425.2755656089 1929907.7219121645 0
931425.4098472466 1929907.8983310214 0
931425.5441288787 1929908.0747498798 0
931425.6783194933 1929908.2400744604 0
931425.9467917205 1929908.5818179073 0
931426.0810733305 1929908.7582367735 0
931426.215263926 1929908.9235613628 0
931426.3405994861 1929909.088958593 0
931426.4747900689 1929909.2542831858 0
931426.7164241159 1929909.562961738 0
931426.9402570811 1929909.8606912994 0
931427.1639080102 1929910.136232303 0
931427.3698488723 1929910.4119185943 0
931427.5845537373 1929910.676437969 0
931427.8083866425 1929910.9741675516 0
931428.0679126625 1929911.3048894259 0
931428.2021031763 1929911.470214046 0
931428.345330727 1929911.6576545893 0
931428.4885582736 1929911.8450951364 0
931428.6317858116 1929912.0325356852 0
931428.7838683699 1929912.219903597 0
931428.927186903 1929912.4184384341 0
931429.0793604554 1929912.6169006315 0
931429.2402980146 1929912.8041959137 0
931429.3747615059 1929913.0028033957 0
931429.5268440279 1929913.190171321 0
931429.6788355362 1929913.366444969 0
931429.8131169948 1929913.5428638947 0
931429.9473984455 1929913.7192828231 0
931430.0639698455 1929913.8958470288 0
931430.1980692729 1929914.0500773995 0
931430.3410237198 1929914.2042351332 0
931430.457504099 1929914.3697050652 0
931430.6901008213 1929914.6562678046 0
931430.9138425066 1929914.9429031885 0
931431.1373111615 1929915.196255735 0
931431.3252687149 1929915.4388045534 0
931431.4773511498 1929915.626172513 0
931431.6294335802 1929915.8135404764 0