931371.2391007146 1929956.3289021277 9
931371.2001284545 1929955.8965159215 9
931371.1793215788 1929955.519455726 9
931371.2121000087 1929955.1974307369 9
931371.2184956755 1929954.897812415 9
931371.2244359098 1929954.542722682 9
931371.2397776445 1929954.2541259413 9
931371.3707806459 1929954.031149787 9
931371.4305794615 1929953.76437811 9
931371.4995065209 1929953.530816579 9
931371.5863257181 1929953.319298212 9
931371.7603284658 1929952.9406386125 9
931371.8827497747 1929952.751018015 9
931371.976146856 1929952.2620698973 9
931371.9652880105 1929952.0180683886 9
931372.0164140473 1929951.7735579805 9
931372.0943782936 1929951.5621123207 9
931372.2686543559 1929951.2167355781 9
931372.3716351367 1929950.816469026 9
931372.5638944475 1929950.5042297407 9
931372.6598419411 1929950.3259215346 9
931372.6845852222 1929950.103817793 9
931372.7267652246 1929949.848285809 9
931372.7156331493 1929949.5710014529 9
931372.7134471429 1929949.3047386813 9
931372.7022239834 1929949.0163600438 9
931372.7696026994 1929948.5941957305 9
931372.7854910055 1929948.37216469 9
931372.8189982009 1929948.1388939687 9
931372.9763841425 1929947.8935111838 9
931373.1153314519 1929947.5595195398 9
931373.2551896031 1929947.3364707208 9
931373.5021273623 1929947.2123980653 9
931373.63276621 1929946.945044822 9
931373.7008736528 1929946.611634774 9
931373.8581685657 1929946.3551577232 9
931374.051429938 1929946.1649555794 9
931374.1729405886 1929945.8643921968 9
931374.2586669589 1929945.5197424777 9
931374.2478992589 1929945.2868352518 9
931374.2460776301 1929945.0649496093 9
931374.3054212031 1929944.7427065475 9
931374.3558187112 1929944.409441903 9
931374.3263391366 1929944.0546429683 9
931374.3497162667 1929943.6661250046 9
931374.3825859624 1929943.3551943188 9
931374.4332567247 1929943.0552125212 9
931374.4392882028 1929942.7112170802 9
931374.4008625535 1929942.3453965622 9
931374.3895483669 1929942.045923644 9
931374.4408567086 1929941.8236018207 9
931374.4473435946 1929941.5350777921 9
931374.4541948079 1929941.2909308905 9
931374.3983324064 1929940.958538613 9
931374.3511428335 1929940.6038850758 9
931374.2951893451 1929940.2603985162 9
931374.2039069486 1929939.9282970293 9
931374.1216617064 1929939.6183114098 9
931374.1817339706 1929939.3848226073 9
931374.2504790748 1929939.1290725428 9
931374.2308563725 1929938.8962380162 9
931374.1584680146 1929938.7082168022 9
931374.0047452056 1929938.3211527886 9
931373.9320835907 1929938.0998487312 9
931373.8231822443 1929937.7789869257 9
931373.7316265614 1929937.4136025999 9
931373.6050151994 1929937.0928861932 9
931373.4872588315 1929936.7720970907 9
931373.4589632696 1929936.5615238291 9
931373.4748516243 1929936.3394927934 9
931373.4817939003 1929936.1064401737 9
931373.4974090103 1929935.8511262941 9
931373.4949497923 1929935.5515806836 9
931373.3865038102 1929935.2861902933 9
931373.4108828384 1929935.019709433 9
931373.3465296889 1929934.7317669897 9
931373.3006151997 1929934.5324334053 9
931373.3075574717 1929934.299380789 9
931373.2881169029 1929934.0887348282 9
931373.2678565918 1929933.7782403321 9
931373.2130870915 1929933.578979448 9
931373.1404254204 1929933.3576753961 9
931373.0583622444 1929933.0698783537 9
931372.9590444702 1929932.8376981174 9
931372.8862006185 1929932.5942055052 9
931372.7870650003 1929932.3842138357 9
931372.696602215 1929932.1519609028 9
931372.6236672692 1929931.897374012 9
931372.5070948775 1929931.720810589 9
931372.372721386 1929931.5332982827 9
931372.2472028956 1929931.3457132806 9
931372.1394854937 1929931.1690771645 9
931372.0402587567 1929930.9479912207 9
931372.0117809774 1929930.7152293993 9
931371.8684613714 1929930.5166955194 9
931371.7692346177 1929930.2956095808 9
931371.5906771431 1929930.1195550668 9
931371.3425547932 1929930.099402109 9
931371.1385253075 1929930.0566970876 9
931370.9601499828 1929929.902831152 9
931370.7295554662 1929929.8603442446 9
931370.5176729077 1929929.9397490409 9
931370.2695505536 1929929.9195961119 9
931370.021154934 1929929.8661603443 9
931369.799233246 1929929.8014121982 9
931369.5591461031 1929929.6813380497 9
931369.337862021 1929929.6942498886 9
931369.1257062074 1929929.7403718748 9
931368.9227697524 1929929.8307982914 9
931368.7292348426 1929929.987717701 9
931368.6568462865 1929929.799696533 9
931368.6018944755 1929929.5782471157 9
931368.4590302118 1929929.435184702 9
931368.27416813 1929929.569842856 9
931368.4435063261 1929929.7015928738 9
931368.5168057736 1929930.0005568566 9
931368.6158504381 1929930.1994541965 9
931368.6807503095 1929930.553962294 9
931368.727575814 1929930.8642386727 9
931368.782527612 1929931.085688092 9
931369.0217038452 1929931.0948193974 9
931369.1889469834 1929930.971400947 9
931369.3235027291 1929931.1811017657 9
931369.4401662835 1929931.3687594277 9
931369.6104152992 1929931.6114522873 9
931369.7627721201 1929931.8321019914 9
931369.8533260777 1929932.0754491745 9
931370.0234839808 1929932.3070477592 9
931370.1664392559 1929932.4612044808 9
931370.2660303717 1929932.7266675308 9
931370.4004038929 1929932.9141798024 9
931370.5081213107 1929933.090815898 9
931370.6163852395 1929933.334017688 9
931370.7154298143 1929933.5329150513 9
931370.7526715415 1929933.7545098849 9
931370.8609354551 1929933.997711677 9
931370.9691082771 1929934.2298191884 9
931371.1041193539 1929934.494991445 9
931371.2121099929 1929934.7049103952 9
931371.3468477997 1929934.9367998107 9
931371.4634201735 1929935.1133632183 9
931371.6244497175 1929935.3117516907 9
931371.7764420822 1929935.4880243042 9
931371.96376336 1929935.6529118381 9
931372.1422296304 1929935.8178720756 9
931372.3206958913 1929935.9828323175 9
931372.4723238975 1929936.114727814 9
931372.6683179785 1929936.2573540993 9
931372.8557303045 1929936.4333359357 9
931373.0339232922 1929936.565013347 9
931373.0976388613 1929936.7752958145 9
931373.301394928 1929936.7847180334 9
931373.5055153228 1929936.838517387 9
931373.7091803032 1929936.836845334 9
931373.9214270398 1929936.8018177429 9
931373.6995055691 1929936.7370694948 9
931373.4952940887 1929936.672175855 9
931373.3348111118 1929936.5403530379 9
931373.1308728738 1929936.5087422533 9
931372.9441892187 1929936.4215146676 9
931372.7397044795 1929936.3233382008 9
931372.5877121477 1929936.1470655717 9
931372.4798126448 1929935.948240886 9
931372.3808592206 1929935.7604377843 9
931372.281632541 1929935.539351837 9
931372.217916945 1929935.329069375 9
931372.1010713361 1929935.1192231122 9
931371.9666978897 1929934.931710813 9
931371.7792855119 1929934.755728997 9
931371.5655813757 1929934.613248131 9
931371.3697694077 1929934.4928104333 9
931371.2264498459 1929934.294276564 9
931371.0922585377 1929934.1289528422 9
931370.8875004614 1929933.997493574 9
931370.6654878035 1929933.921651123 9
931370.4433840531 1929933.8347143964 9
931370.2480274823 1929933.7697481336 9
931370.0348698146 1929933.6938329989 9
931369.8224408388 1929933.7066721236 9
931369.6184114297 1929933.6639671412 9
931369.440400501 1929933.5544783664 9
931369.192460424 1929933.5565140347 9
931368.927630133 1929933.6585436524 9
931368.6979465947 1929933.72699962 9
931368.4780289498 1929933.9063257137 9
931368.2841297864 1929934.0188680063 9
931368.099358898 1929934.1646204493 9
931367.9231697493 1929934.2770173445 9
931367.7563821477 1929934.4559072314 9
931367.5541745451 1929934.6350879397 9
931367.4226247834 1929934.791498453 9
931367.3002032987 1929934.9811191093 9
931367.1511257242 1929935.1598636 9
931367.029159705 1929935.404955671 9
931366.8988852359 1929935.7166861407 9
931366.7682464146 1929935.9840394836 9
931366.6638993276 1929936.217891868 9
931366.5684072484 1929936.4516715496 9
931366.490625171 1929936.6853058194 9
931366.3781518328 1929937.0079851688 9
931366.2914236782 1929937.2305978662 9
931366.2318070726 1929937.519558137 9
931366.1458987531 1929937.842019374 9
931366.1035366952 1929938.0753628253 9
931366.0615390083 1929938.353083406 9
931365.9667757053 1929938.6756173505 9
931365.8974842973 1929938.864801793 9
931365.8815050579 1929939.0757385648 9
931365.8304702009 1929939.331343288 9
931365.7443797323 1929939.631615966 9
931365.6409436492 1929939.9764111873 9
931365.5897266224 1929940.2098273484 9
931365.5919128492 1929940.4760901185 9
931365.5236234851 1929940.7873116685 9
931365.4811703691 1929941.0095608425 9
931365.4042992988 1929941.3541379473 9
931365.3439540147 1929941.554343971 9
931365.2926459117 1929941.7766658529 9
931365.2147728305 1929941.999205857 9
931365.13753741 1929942.299405837 9
931365.0420454432 1929942.5331855377 9
931364.96426347 1929942.766819826 9
931364.9660853437 1929942.988705468 9
931364.9416155214 1929943.2440920789 9
931364.854614193 1929943.4334219468 9
931364.7594866239 1929943.711578782 9
931364.672758587 1929943.9341914991 9
931364.6527712482 1929943.6569798593 9
931364.7125699373 1929943.3902081363 9
931364.7285491356 1929943.179271362 9
931364.7267272554 1929942.9573857195 9
931364.6716843237 1929942.72484204 9
931364.6610074491 1929942.5030291048 9
931360.6946065371 1929958.7898172108 9
931358.0541493064 1929966.1564097968 9
931356.0650817124 1929970.8881318504 9
931354.5431600717 1929974.2735194105 9
931353.3069844348 1929976.8688134395 9
931352.3054288875 1929978.918524339 9
931351.4691112285 1929980.600742316 9
931350.7544853913 1929982.004585197 9
931350.1442969118 1929983.1856698033 9
931349.6212913723 1929984.1996129747 9
931349.1681232753 1929985.0909372715 9
931348.7583188494 1929985.8709551417 9
931348.4008241288 1929986.5506881361 9
931348.0868752609 1929987.1413032527 9
931347.7991268036 1929987.6873230722 9
931347.5375787495 1929988.188747593 9
931347.293467261 1929988.65674382 9
931347.0754650385 1929989.0690504578 9
931346.8836631905 1929989.4367617907 9
931346.6830975404 1929989.8156401378 9
931346.5085500177 1929990.1277346106 9
931346.369148922 1929990.4062553265 9
931346.2383294161 1929990.6514204685 9
931346.1161826223 1929990.8743243194 9
931345.9940358349 1929991.0972281718 9
931345.8805617552 1929991.297870731 9
931345.7757603814 1929991.4762519982 9
931345.6798139535 1929991.6545605385 9
931345.4790661692 1929992.011250351 9
931345.3131914375 1929992.3010835554 9
931345.1735170553 1929992.5463214437 9
931345.0954627767 1929992.7466730997 9
931344.982262107 1929992.9805985228 9
931344.8864979577 1929993.1810956406 9
931344.7470058474 1929993.4485221035 9
931344.6339874418 1929993.7046360963 9
931344.5558420654 1929993.8938934766 9
931344.4867338762 1929994.1052666926 9
