931260.1014445901 1929834.6198006172 9
931260.2356396719 1929834.785122585 9
931260.3702908927 1929835.0059159608 9
931260.5053070227 1929835.271086462 9
931260.5865538932 1929835.459033897 9
931260.6592193367 1929835.6803369904 9
931260.7144482499 1929835.9350685598 9
931260.761004508 1929836.2120615088 9
931260.7901242354 1929836.5224829323 9
931260.7662045499 1929836.8444355328 9
931260.7159020032 1929837.1887951442 9
931260.6476155644 1929837.500017546 9
931260.5617101466 1929837.8224798609 9
931260.4843861534 1929838.1115865184 9
931260.4070621658 1929838.4006931752 9
931260.3295557273 1929838.6676112704 9
931260.2608131666 1929838.9233622705 9
931260.2010169441 1929839.190134735 9
931260.1676035826 1929839.4345001867 9
931260.1518091965 1929839.6676257253 9
931260.153542561 1929839.878417068 9
931260.1735335125 1929840.1556284642 9
931260.2019234153 1929840.3772956382 9
931260.2570610842 1929840.6209329271 9
931260.3206889342 1929840.8201202727 9
931260.3754616814 1929841.0193804363 9
931260.4479446302 1929841.2184949664 9
931260.5292826775 1929841.417536681 9
931260.6284221534 1929841.6275270456 9
