935561.0713999793 1915808.8444740602 9
935561.3196715842 1915808.8314742853 9
935561.5414186673 1915808.8297727187 9
935561.7543809962 1915808.8392332345 9
935562.0029079857 1915808.8595155221 9
935562.2604751159 1915808.9019177845 9
935562.4827329649 1915808.966780328 9
935562.7228157041 1915809.0426007714 9
935562.9541136834 1915809.1295832954 9
935563.1322774886 1915809.228068204 9
935563.3549609565 1915809.3484008429 9
935563.5513752771 1915809.5133137265 9
935563.7656144807 1915809.6891845078 9
935563.9086392384 1915809.8323177309 9
935564.0696591354 1915810.008596881 9
935564.21293926 1915810.185012153 9
935564.3656000157 1915810.4279234526 9
935564.4914808663 1915810.6488509052 9
935564.6082364537 1915810.8365643772 9
935564.7340321669 1915811.046397819 9
935564.8419178629 1915811.2341793536 9
935564.949888679 1915811.4330549033 9
935565.0666442455 1915811.6207683817 9
935565.174529927 1915811.8085499178 9
