935565.947282258 1915802.693898689 0
935566.0551680283 1915802.8816802343 0
935566.1632240402 1915803.0916498126 0
935566.2799796897 1915803.2793633065 0
935566.4059457139 1915803.5113848017 0
935566.5409518669 1915803.7655262682 0
935566.6398826002 1915803.942281866 0
935566.7477683397 1915804.130063424 0
935566.8557391966 1915804.3289389964 0
935566.9725799363 1915804.5277465133 0
935567.0983756796 1915804.7375799904 0
935567.22434166 1915804.9696014961 0
935567.3591775228 1915805.201554948 0
935567.4940133761 1915805.4335084017 0
935567.6378893506 1915805.687581831 0
935567.7728103097 1915805.9306293034 0
935567.9077312633 1915806.1736767788 0
935568.042652207 1915806.4167242562 0
935568.1686181372 1915806.6487457764 0
935568.3034539458 1915806.880699243 0
935568.4382046291 1915807.1015586979 0
935568.5640854187 1915807.32248621 0
935568.6900513215 1915807.5545077398 0
935568.824801982 1915807.7753672 0
935568.9507678734 1915808.0073887312 0
935569.0855185201 1915808.2282481976 0
935569.2114843954 1915808.4602697326 8
935569.337365145 1915808.6811972572 8
935569.4633310069 1915808.9132187965 8
935569.6159916287 1915809.1561301912 8
935569.7509975977 1915809.4102717084 8
935569.8950436751 1915809.6865332047 8
935570.065699391 1915809.9625905426 8
935570.2098305668 1915810.2499460569 8
935570.3717866153 1915810.5482594827 8
935570.5158326536 1915810.8245209882 8
935570.6599638022 1915811.1118765122 8
935570.8216644654 1915811.3769079028 8
935570.9744952407 1915811.6420073495 8
935571.1450657638 1915811.9069706944 8
935571.3067663991 1915812.1720020962 8
935571.4506421475 1915812.4260755884 8
935571.5945178872 1915812.6801490835 8
935571.729608858 1915812.945384649 8
935571.8735696966 1915813.210552165 8
935572.0174454107 1915813.4646256678 8
935572.1612360032 1915813.7076051598 8
935572.2962418228 1915813.9617467176 8
935572.4222075271 1915814.1937683027 8
935572.5569579867 1915814.414627822 8
935572.6828385647 1915814.6355553959 8
935572.8087191341 1915814.8564829715 8
935572.9165194865 1915815.0331705932 8