931260.057625191 1929834.6756361066 102
931260.1830563936 1929834.852125171 102
931260.3174339267 1929835.0396357023 102
931260.451811456 1929835.2271462353 102
931260.5682963005 1929835.3926138426 102
931260.7114376979 1929835.5689572832 102
931260.8459976651 1929835.7786563847 102
931261.0071229507 1929835.9881370426 102
931261.1771945618 1929836.2086391677 102
931261.2936793808 1929836.3741067848 102
931261.4190193046 1929836.5395015865 102
931261.5443592211 1929836.7048963902 102
931261.6787366946 1929836.8924069447 102
931261.8130229347 1929837.0688232172 102
931261.9561642777 1929837.2451666796 102
931262.0994880666 1929837.4436987042 102
931262.242720622 1929837.6311364523 102
931262.4038458377 1929837.8406171377 102
931262.5560247115 1929838.0390763567 102
931262.7260050168 1929838.2484842318 102
931262.8872214326 1929838.4690592056 102
931263.0483466164 1929838.6785399024 102
931263.2006166856 1929838.8880934133 102
931263.3526130731 1929839.0643640852 102
931263.4958455731 1929839.2518018545 102
931263.6211854089 1929839.41719669 102
931263.8002032137 1929839.648720337 102
931263.9791297816 1929839.8691497054 102
931264.1402549117 1929840.0786304206 102
931264.3011975831 1929840.2659225788 102
931264.4532851469 1929840.4532875526 102
931264.6323029068 1929840.6848112156 102
931264.7665890252 1929840.861227537 102
931264.9186765656 1929841.0485925185 102
931265.0885655286 1929841.2469061601 102
931265.249690605 1929841.4563868982 102
931265.4106332255 1929841.643679076 102
931265.5627207375 1929841.8310440676 102
931265.7148082452 1929842.018409063 102
931265.8668045215 1929842.194679781 102
931266.009854471 1929842.3599290282 102
931266.1529044126 1929842.525178281 102
931266.2870080266 1929842.6794060613 102
931266.4568969246 1929842.877719732 102
931266.60889317 1929843.053990462 102
931266.7608894112 1929843.230261194 102
931266.912794423 1929843.395437649 102
931267.0558443316 1929843.5606869138 102
931267.1811840339 1929843.7260818032 102
931267.3423090087 1929843.9355625792 102
931267.4853588997 1929844.1008118533 102
931267.64648386 1929844.3102926365 102
931267.8342653294 1929844.5306492785 102
931267.9685513219 1929844.7070656493 102
931268.1116924024 1929844.883409214 102
931268.2548334815 1929845.0597527833 102
931268.4069208689 1929845.2471178258 102
931268.5680457866 1929845.4565986274 102
931268.7290794756 1929845.6549851499 102
931268.9079145716 1929845.8643203415 102
931269.07798578 1929846.0848226254 102
931269.2658583882 1929846.3162735798 102
931269.4537309882 1929846.5477245387 102
931269.6416947953 1929846.7902697825 102
931269.8386049045 1929847.0438365056 102
931270.0532251927 1929847.2972576201 102
931270.2589903729 1929847.5507515476 102
931270.4647555407 1929847.8042454792 102
931270.6615743855 1929848.0467179406 102
931270.8494469066 1929848.2781689297 102
931271.0194268002 1929848.4875769713 102
931271.1894066853 1929848.696985016 102
931271.3503490358 1929848.8842773074 102
931271.5024362879 1929849.0716424051 102
931271.6544323162 1929849.2479132256 102
931271.7886269373 1929849.4132353766 102
931271.9227303388 1929849.5674632478 102
931272.1105115794 1929849.7878199848 102
931272.2716363189 1929849.9973008551 102
931272.4415249289 1929850.1956146448 102
931272.5846658251 1929850.371958285 102
931272.754554418 1929850.5702720806 102
931272.8976953037 1929850.7466157265 102
931273.0676750967 1929850.9560238095 102
931273.2108159671 1929851.1323674598 102
931273.3628119226 1929851.3086383115 102
931273.5327916928 1929851.518046403 102
931273.7026802403 1929851.7163602177 102
931273.8636224796 1929851.9036525562 102
931274.0245647095 1929852.0909448978 102
931274.1677055429 1929852.2672885652 102
931274.3018088554 1929852.4215164746 102
931274.4538047671 1929852.597787344 102
931274.5879992801 1929852.7631095396 102
931274.7221937878 1929852.9284317375 102
931274.8652433818 1929853.0936811354 102
931275.0531156752 1929853.3251322168 102
931275.2140578539 1929853.5124245817 102
931275.3661449346 1929853.6997897495 102
931275.5092857126 1929853.8761334384 102
931275.6434801846 1929854.0414556519 102
931275.8312612285 1929854.2618124704 102
931275.9922945789 1929854.4601991293 102
931276.1352529108 1929854.6143542673 102
931276.2693561523 1929854.7685822085 102
931276.4303894826 1929854.966968876 102
931276.6181704855 1929855.1873257128 102
931276.7435098281 1929855.352720741 102
931276.886559339 1929855.517970173 102
931277.0297912622 1929855.7054081704 102
931277.1818782631 1929855.8927733707 102
931277.3429115529 1929856.091160056 102
931277.5039448328 1929856.2895467447 102
931277.6650693145 1929856.4990277183 102
931277.8350488712 1929856.7084358963 102
931278.01406592 1929856.9399598427 102
931278.2019380438 1929857.1714109958 102
931278.3986652419 1929857.402789355 102
931278.5866285508 1929857.645334797 102
931278.7923020147 1929857.8877346476 102
931278.9980666765 1929858.1412287874 102
931279.1861211545 1929858.3948685229 102
931279.3917945852 1929858.6372683889 102
931279.5887953299 1929858.90192962 102
931279.7679034885 1929859.1445478846 102
931279.9648130058 1929859.3981148426 102
931280.143829937 1929859.6296388323 102
931280.3229380642 1929859.8722571111 102
931280.5018637745 1929860.0926868264 102
931280.6808806763 1929860.3242108296 102
931280.8598063677 1929860.5446405548 102
931281.029785766 1929860.754048797 102
931281.2087114371 1929860.9744785288 102
931281.3786908181 1929861.1838867783 102
931281.5485789888 1929861.38220075 102
931281.718558351 1929861.5916090058 102
931281.8796826248 1929861.8010900596 102
931282.0496619727 1929862.0104983218 102
931282.2106950314 1929862.2088850993 102
931282.3718192814 1929862.4183661635 102
931282.5328523249 1929862.616752948 102
931282.6850302797 1929862.8152125273 102
931282.8371170294 1929863.0025778303 102
931282.9804398917 1929863.2011102075 102
931283.1325266277 1929863.3884755147 102
931283.2758494767 1929863.587007899 102
931283.4190811192 1929863.7744460034 102
931283.5622215584 1929863.950789829 102
931283.6964157127 1929864.1161121686 102
931283.8129909062 1929864.292674375 102
931283.9920076306 1929864.5241984476 102
931284.1709331444 1929864.7446282422 102
931284.3232022232 1929864.9541821333 102
931284.4663426213 1929865.1305259748 102
931284.5828265867 1929865.295993912 102
931284.7349132496 1929865.4833592454 102
931284.8691985543 1929865.659775884 102
931285.0391777505 1929865.8691842076 102
931285.2182856029 1929866.1118025864 102
931285.361608359 1929866.3103350068 102
931285.513786181 1929866.5087946379 102
931285.6838565407 1929866.7292972542 102
931285.8540180856 1929866.9608941565 102
931286.0331258939 1929867.203512553 102
931286.2211799617 1929867.457152446 102
931286.4181802853 1929867.721813835 102
931286.6151805988 1929867.986475228 102
931286.8299822411 1929868.2620853295 102
931287.0448750643 1929868.548789719 102
931287.2687141423 1929868.8465156064 102
931287.4925531999 1929869.144241499 102
931287.7163922462 1929869.4419673986 102
931287.949086346 1929869.7396205168 102
931288.1639790938 1929870.026324933 102
931288.378871827 1929870.3130293556 102
931288.5936733529 1929870.5886395024 102
931288.8084748646 1929870.864249654 102
931289.0145124848 1929871.1510268794 102
931289.2293139686 1929871.4266370432 102
931289.435260369 1929871.7023199964 102
931289.650061825 1929871.97793017 102
931289.8649544583 1929872.2646346295 102
931290.0797558861 1929872.5402448152 102
931290.2946484906 1929872.8269492844 102
931290.5183049579 1929873.102486695 102
931290.7331975332 1929873.3891911777 102
931290.9658914182 1929873.6868443794 102
931291.1897302221 1929873.9845703691 102
931291.4133866273 1929874.2601078022 102
931291.6282791451 1929874.546812307 102
931291.8343165802 1929874.8335896023 102
931292.0402628107 1929875.1092726185 102
931292.246300218 1929875.396049923 102
931292.4433913586 1929875.6718057329 102
931292.6404824862 1929875.9475615488 102
931292.8287185366 1929876.2233901501 102
931293.0346647031 1929876.4990731918 102
931293.2316646054 1929876.7637347393 102
931293.4287556797 1929877.0394905729 102
931293.6257555572 1929877.3041521283 102
931293.8317016715 1929877.5798351904 102
931294.0375565886 1929877.8444239735 102
931294.2345564261 1929878.1090855435 102
931294.4404113154 1929878.3736743385 102
931294.6284648832 1929878.627314418 102
931294.8164272547 1929878.869860219 102
931294.9864971212 1929879.090363022 102
931295.1476207353 1929879.2998443276 102
931295.2998892806 1929879.509398415 102
931295.4608305087 1929879.6966911645 102
931295.5952065481 1929879.8842022542 102
931295.7384376418 1929880.071640566 102
931295.8727224878 1929880.2480573794 102
931296.0070073259 1929880.4244741949 102
931296.1412921584 1929880.600891012 102
931296.2754858023 1929880.7662135498 102
931296.4009155666 1929880.9427031495 102
931296.5352003827 1929881.1191199736 102
931296.6962327375 1929881.317507027 102
931296.8573562647 1929881.5269883648 102
931297.0274260244 1929881.747491208 102
931297.1974957776 1929881.967994056 102
931297.3496730425 1929882.1664538994 102
931297.5019414795 1929882.3760080263 102
931297.6451724888 1929882.563446371 102
931297.7972585515 1929882.7508119415 102
931297.9316344905 1929882.9383230694 102
931298.0659192452 1929883.114739916 102
931298.2002039921 1929883.2911567658 102
931298.3256336767 1929883.467646396 102
931298.4509721758 1929883.6330417437 102
931298.5942031428 1929883.8204801057 102
931298.7463803416 1929884.0189399747 102
931298.9163588225 1929884.228348574 102
931299.0775734208 1929884.4489242362 102
931299.229841774 1929884.6584783944 102
931299.3731638875 1929884.8570110512 102
931299.5163036345 1929885.0333551448 102
931299.6416420873 1929885.198750512 102
931299.8117117028 1929885.4192534112 102
931299.946087555 1929885.606764571 102
931300.1161571546 1929885.8272674773 102
931300.2952641547 1929886.0698861752 102
931300.4563875023 1929886.2793675808 102
931300.6353121261 1929886.4997977226 102
931300.8232741505 1929886.742343658 102
931301.0111449871 1929886.9737953143 102
931301.1991069901 1929887.2163412555 102
931301.3782139298 1929887.458959977 102
931301.5572296832 1929887.6904844197 102
931301.7272080204 1929887.8998930764 102
931301.8882401219 1929888.0982802291 102
931302.049272218 1929888.2966673838 102
931302.2013580798 1929888.4840330323 102
931302.3445888815 1929888.6714714575 102
931302.4964923778 1929888.8366485476 102
931302.6396319922 1929889.012992694 102
931302.7738253777 1929889.1783153366 102
931302.8991637051 1929889.3437107487 102
931303.0422121282 1929889.5089606224 102
931303.176405498 1929889.6742832684 102
931303.3018349841 1929889.8507729725 102
931303.4360283411 1929890.016095622 102
931303.5702216949 1929890.1814182752 102
931303.7045062148 1929890.3578352118 102
931303.8386995557 1929890.52315787 102
931304.0177151745 1929890.754682365 102
931304.1786559972 1929890.9419752767 102
931304.3129404922 1929891.118392224 102
931304.4650262529 1929891.3057579142 102
931304.5904556881 1929891.4822476346 102
931304.715793946 1929891.6476430763 102
931304.8590246405 1929891.835081543 102
931304.993400279 1929892.0225927816 102
931305.1903994457 1929892.2872546068 102
931305.3515225535 1929892.496736105 102
931305.548521698 1929892.761397938 102
931305.7634132646 1929893.048102801 102
931305.987342204 1929893.3569234635 102
931306.2111799567 1929893.6546498518 102
931306.4438727414 1929893.9523034755 102
931306.6588554172 1929894.2501026439 102
931306.8737469084 1929894.5368075338 102
931307.0707459557 1929894.8014694033 102
931307.2587987796 1929895.0551097605 102
931307.437814211 1929895.2866343274 102
931307.6079745867 1929895.5182316664 102
931307.7602425317 1929895.7277859773 102
931307.9124192989 1929895.9262460114 102
931308.0555586824 1929896.1025902494 102
931308.1808968041 1929896.267985742 102
931308.3422020968 1929896.4996558605 102
931308.4855237963 1929896.6981886704 102
931308.6198081102 1929896.8746056855 102
931308.7810222148 1929897.0951815313 102
931308.9333812669 1929897.3158301455 102
931309.1123966046 1929897.5473547485 102
931309.2646644737 1929897.7569090878 102
931309.3990399207 1929897.9444203957 102
931309.5423615709 1929898.142953224 102
931309.6588445924 1929898.308421503 102
931309.8021662281 1929898.5069543363 102
931309.9721441459 1929898.7163631567 102
931310.0886271512 1929898.8818314436 102
931310.2230025621 1929899.0693427657 102
931310.3930716229 1929899.2898458757 102
931310.5812154122 1929899.5545805907 102
931310.7871604302 1929899.8302640629 102
931310.9931054371 1929900.1059475408 102
931311.1901042282 1929900.3706095053 102
931311.3870118434 1929900.6241771907 102
931311.5661182074 1929900.8667961266 102
931311.7362783602 1929901.0983935485 102
931311.9152023762 1929901.318823928 102
931312.0764163081 1929901.5393998353 102
931312.2376302339 1929901.7599757474 102
931312.4076080258 1929901.9693846172 102
931312.5597845718 1929902.1678447332 102
931312.7120522724 1929902.3773991344 102
931312.8730838425 1929902.5757864944 102
931313.0252603688 1929902.774246619 102
931313.1862919217 1929902.9726339849 102
931313.3474146301 1929903.182115636 102
931313.5085373285 1929903.3915972896 102
931313.6695688604 1929903.5899846654 102
931313.8307827034 1929903.810560605 102
931313.9830503429 1929904.0201150295 102
931314.1531192062 1929904.2406182175 102
931314.3143330264 1929904.4611941685 102
931314.4844018698 1929904.6816973616 102
931314.6545618661 1929904.9132948415 102
931314.824721853 1929905.1448923242 102
931315.012591895 1929905.3763442908 102
931315.1916068958 1929905.6078690218 102
931315.3794769195 1929905.8393209968 102
931315.5674380888 1929906.0818672574 102
931315.7553080918 1929906.3133192402 102
931315.93441421 1929906.555938268 102
931316.1133380033 1929906.7763687363 102
931316.283315596 1929906.9857776847 102
931316.4266369295 1929907.1843106283 102
931316.5697759447 1929907.3606550107 102
931316.6951137332 1929907.5260506303 102
931316.8651824552 1929907.7465538713 102
931317.0085037621 1929907.9450868242 102
931317.124986503 1929908.1105552067 102
931317.268216644 1929908.2979938819 102
931317.4204841177 1929908.5075483678 102
931317.5547680579 1929908.6839655233 102
931317.6979981796 1929908.8714042068 102
931317.8680668463 1929909.091907469 102
931318.0381355062 1929909.312410733 102
931318.2261876769 1929909.5660513358 102
931318.4230948692 1929909.8196191867 102
931318.6289482277 1929910.0842085667 102
931318.8438389114 1929910.3709137603 102
931319.0675846103 1929910.6575462043 102
931319.3002764725 1929910.955200182 102
931319.5418233451 1929911.2527814095 102
931319.658305991 1929911.4182498276 102
931319.7924075351 1929911.572478455 102
931320.0517555778 1929911.881008471 102
931320.1770932311 1929912.0464041398 102
931320.4187311936 1929912.3550796763 102
931320.6601868377 1929912.6415666556 102
931320.8839324103 1929912.928199147 102
931321.0986406454 1929913.1927158325 102
931321.3044938402 1929913.457305279 102
931321.5013096946 1929913.6997789189 102
931321.706980564 1929913.9421798105 102
931321.9127425738 1929914.1956749882 102
931322.1185045667 1929914.4491701724 102
931322.3332127223 1929914.7136868914 102
931322.5566847405 1929914.9670365804 102
931322.7713017202 1929915.2204590284 102
931322.994864858 1929915.4849030117 102
931323.2095729597 1929915.7494197525 102
931323.4418999437 1929916.0026967153 102
931323.6654630398 1929916.2671407156 102
931323.8978811433 1929916.531511974 102
931324.121444211 1929916.795955987 102
931324.3537711409 1929917.0492329753 102
931324.5859157593 1929917.2803214039 102
931324.7914953087 1929917.5116280883 102
931324.9969836986 1929917.731840496 102
931325.1935259099 1929917.9410313745 102
931325.3899769683 1929918.1391279753 102
931325.5686268334 1929918.3262757976 102
931325.7471855455 1929918.50232934 102
931325.9168892289 1929918.6784556364 102
931326.0865017629 1929918.8434876513 102
931326.2471681249 1929918.9974981374 102
931326.4078344833 1929919.151508625 102
931326.5596458152 1929919.305591864 102
931326.7202210182 1929919.448508078 102
931326.872032339 1929919.6025913223 102
931327.0325163876 1929919.7344132592 102
931327.1841454112 1929919.866307945 102
931327.3447205928 1929920.0092241694 102
931327.4963496065 1929920.1411188617 102
931327.7014732913 1929920.3169542053 102
931327.8887046489 1929920.4707464837 102
931328.0491886648 1929920.6025684387 102