935554.891343466 1915812.6529913547 0
935554.7057571057 1915812.7431729338 0
935554.5026012686 1915812.8556786864 0
935554.2641361994 1915812.9906447534 0
935554.078549853 1915813.0808263456 0
935553.8753940344 1915813.193332115 0
935553.6633683406 1915813.305905957 0
935553.4514277924 1915813.4295738204 0
935553.2127924729 1915813.54235189 0
935552.9919820591 1915813.6660878365 0
935552.7888262667 1915813.77859363 0
935552.5768857431 1915813.902261517 0
935552.3825146981 1915814.003605235 0
935552.1792737801 1915814.1050170304 0
935551.9408087829 1915814.2399831647 0
935551.6846891808 1915814.3861794658 0
935551.384305342 1915814.5438101573 0
935551.0486974334 1915814.7349951966 0
935550.863196305 1915814.8362708774 0
935550.6866501992 1915814.9485725013 0
935550.5011490776 1915815.0498481907 0
935550.3246029834 1915815.162149823 0
935549.9802103916 1915815.3644969952 0
935549.6446025494 1915815.5556820924 0
935549.3177794528 1915815.735705112 0
935549.0086961216 1915815.9155919943 0
935548.7084826793 1915816.0954108124 0
935548.408098956 1915816.2530416118 0
935548.1253698496 1915816.3994422536 0
935547.8427258983 1915816.5569369192 0
935547.5776514115 1915816.6921074116 0
935547.3037922088 1915816.8384400057 0
935547.038802888 1915816.984704528 0
935546.7825983043 1915817.1198069681 0
935546.5263937264 1915817.2549094164 0
935546.2790590331 1915817.389943791 0
935546.040594222 1915817.524910097 0
935545.8020442659 1915817.6487823948 0
935545.5636646202 1915817.7948427277 0
935545.3250295299 1915817.9076210253 0
935545.0865647462 1915818.042587358 0
935544.8568846942 1915818.1663916025 0
935544.627204649 1915818.2901958532 0
935544.4063093315 1915818.4028380157 0
935544.1943690454 1915818.5265061178 0
935543.9734737399 1915818.6391482907 0
935543.7616186191 1915818.7739104186 0
935543.5318534507 1915818.886620686 0
935543.2933035715 1915819.0104930555 0
935543.0459689809 1915819.1455275286 0
935542.7897645234 1915819.2806300921 0
935542.5335600763 1915819.4157326643 0
935542.2684857652 1915819.5509033264 0
935542.0123664878 1915819.6970999285 0
935541.7473773472 1915819.8433646222 0
935541.482303062 1915819.97853531 0
935541.226183811 1915820.1247319367 0
935540.9611946996 1915820.2709966572 0
935540.6961204379 1915820.406167369 0
935540.431046187 1915820.5413380908 0
935540.1660571 1915820.6876028362 0
935539.8921129955 1915820.8228416587 0
935539.6271239266 1915820.9691064218 0
935539.37987461 1915821.11523502 0
935539.150109565 1915821.2279454086 0
935538.946954137 1915821.3404515448 0