931383.8353140657 1929898.509152649 0
931384.5380711257 1929897.8154923234 0
931384.3620631162 1929897.9500774154 0
931384.1860551143 1929898.0846625108 0
931383.9660451161 1929898.2528938856 0
931383.8077472062 1929898.3873336168 0
931383.6405942619 1929898.521846037 0
931383.4822963602 1929898.6562857747 0
931383.3151434243 1929898.790798202 0
931383.139135457 1929898.9253833205 0
931382.9720736005 1929899.0709900355 0
931382.804920681 1929899.205502474 0
931382.6290037996 1929899.351181884 0
931382.453086922 1929899.496861299 0
931382.2683150122 1929899.6426134063 0
931382.092398147 1929899.7882928299 0
931381.9164812901 1929899.9339722535 0
931381.7405644372 1929900.079651683 0
931381.5646475904 1929900.2253311167 0
931381.3887307519 1929900.371010555 0
931381.2128139173 1929900.5166899962 0
931381.0280420517 1929900.6624421312 0
931380.8520341582 1929900.7970272987 0
931380.6673533787 1929900.9538737235 0
931380.4825815321 1929901.0996258697 0
931380.2979918362 1929901.2675665836 0
931380.113220003 1929901.4133187383 0
931379.9197752874 1929901.5813321522 0
931379.7350945405 1929901.7381785975 0
931379.5591777635 1929901.8838580756 0
931379.3831699193 1929902.0184432752 0
931379.2248721543 1929902.1528830957 0
931378.9960984031 1929902.3322815772 0
931378.784852584 1929902.48934612 0
931378.6089358393 1929902.635025618 0
931378.4066361448 1929902.8031117595 0
931378.2131004184 1929902.9600309317 0
931378.0547116128 1929903.0833764928 0
931377.8611759017 1929903.2402956744 0
931377.6588762369 1929903.4083818346 0
931377.4388665117 1929903.5766133864 0
931377.2365668635 1929903.744699557 0
931377.034176147 1929903.9016914514 0
931376.8493133519 1929904.036349399 0
931376.6645416397 1929904.1821016332 0
931376.4797699363 1929904.3278538715 0
931376.3214722595 1929904.4622937494 0
931376.1454645236 1929904.596879019 0
931375.9784029021 1929904.7424858797 0
931375.820014163 1929904.8658314848 0
931375.6353335654 1929905.0226780237 0
931375.4505618985 1929905.1684302853 0
931375.2481712498 1929905.3254222241 0
931375.0282527026 1929905.5047481225 0
931374.7992969737 1929905.6619581603 0
931374.5969063469 1929905.8189501162 0
931374.4032796837 1929905.964775097 0
931374.2184169763 1929906.099433105 0
931374.0423182258 1929906.2229241394 0
931373.8134536159 1929906.3912284868 0
931373.6107897839 1929906.514937622 0
931373.3994530897 1929906.660908023 0
931373.2322093938 1929906.7843263769 0
931373.0384006106 1929906.9079628284 0
931372.8446829175 1929907.042693566 0
931372.6068722409 1929907.1999763642 0
931372.4220095895 1929907.3346344125 0
931372.237055861 1929907.4581981844 0
931372.0609571681 1929907.5816892604 0
931371.8936224291 1929907.6940133616 0
931371.7262876923 1929907.8063374646 0
931371.5590440438 1929907.9297558519 0
931371.312469471 1929908.0982056698 0
931371.1362797206 1929908.2106024842 0
931370.8897962493 1929908.3901465954 0
931370.6518945622 1929908.536335168 0
931370.4317029412 1929908.6823783468 0
931370.2026562991 1929908.8284942321 0
931369.964663548 1929908.9635885449 0
931369.7265797204 1929909.087588581 0
931369.4796408692 1929909.2116613265 0
931369.2148097969 1929909.3136909222 0
931368.9321775849 1929909.4047716486 0
931368.7378223988 1929909.4618425134 0
931368.5346121895 1929909.5189860845 0
931368.3136008342 1929909.565180785 0
931368.0924983949 1929909.600281212 0
931367.8624498404 1929909.6243600654 0
931367.6324012872 1929909.6484389254 0
931367.3844604981 1929909.6504746384 0
931367.1719398231 1929909.652219539 0
931366.8796328063 1929909.643524505 0
931366.6137086893 1929909.6124228046 0
931366.3920597126 1929909.5809575852 0
931366.1348084394 1929909.5275946327 0
931365.9042133365 1929909.4851078512 0
931365.6380159371 1929909.4207233372 0
931365.4160936748 1929909.3559752994 0
931365.185407473 1929909.3023942558 0
931364.9369201162 1929909.2378643507 0
931364.6706316078 1929909.1623855864 0
931364.3865419414 1929909.075957961 0
931364.0846511178 1929908.9785814804 0
931363.7915242215 1929908.8700380204 0
931363.5072523487 1929908.7614218635 0
931363.2494544582 1929908.6414933077 0
931363.000602687 1929908.532586332 0
931362.76936987 1929908.412439668 0
931362.5559382031 1929908.3032418706 0
931362.3512704665 1929908.1828770882 0
931362.1731678105 1929908.0622941814 0
931361.9328066508 1929907.9089374028 0
931361.7101555398 1929907.7554352111 0
931361.5317795761 1929907.601569473 0
931361.3626230237 1929907.4920081545 0
931361.1754831129 1929907.349309417 0
931360.9971071308 1929907.1954436896 0
931360.8275861706 1929907.0415052564 0
931360.6045706248 1929906.843625967 0
931360.4438135829 1929906.6785205475 0
931360.2653464741 1929906.5135605563 0
931360.0957343876 1929906.3485278538 0
931359.9261222967 1929906.183495157 0
931359.7565101968 1929906.0184624628 0
931359.5868980903 1929905.8534297717 0
931359.4173770794 1929905.6994913667 0
931359.2655661248 1929905.5454075397 0
931359.0691156023 1929905.3473101521 0
931358.8995034688 1929905.1822774753 0
931358.7387463615 1929905.0171720881 0
931358.5957904174 1929904.8630155597 0
931358.4260871635 1929904.6868886119 0
931358.2829490053 1929904.5105435257 0
931358.1040262975 1929904.2901121704 0
931357.9072113107 1929904.0476376829 0
931357.7729281628 1929903.871219891 0
931357.6296988749 1929903.683780536 0
931357.4864695806 1929903.4963411796 0
931357.3342030377 1929903.2867859793 0
931357.1731725549 1929903.0883977786 0
931357.0119598609 1929902.8678210168 0
931356.8330370851 1929902.647389689 0
931356.6540231986 1929902.4158640835 0
931356.4660631604 1929902.1733169137 0
931356.2869581478 1929901.9306970353 0
931356.0811969109 1929901.6772010254 0
931355.8753445572 1929901.412610739 0
931355.6606371534 1929901.1480931756 0
931355.4458386311 1929900.872481335 0
931355.2221850572 1929900.596942217 0
931354.9895853249 1929900.3103815399 0
931354.7659317212 1929900.0348424332 0
931354.5422781006 1929899.759303333 0
931354.3364256542 1929899.494713085 0
931354.1306642995 1929899.2412171217 0
931353.9425219041 1929898.9764814475 0
931353.7456155648 1929898.7229127777 0
931353.5487092135 1929898.4693441095 0
931353.3606578907 1929898.2157027307 0
931353.1727887748 1929897.984249916 0
931352.9848285381 1929897.741702826 0
931352.8058144402 1929897.5101773005 0
931352.6268914435 1929897.2897460605 0
931352.4568234766 1929897.0692421063 0
931352.2867555008 1929896.848738153 0
931352.1165964091 1929896.6171399246 0
931351.9553834577 1929896.3965632583 0
931351.7853154576 1929896.1760593168 0
931351.6152474463 1929895.9555553775 0
931351.4452705388 1929895.7461457253 0
931351.2752025101 1929895.525641793 0
931351.1051344725 1929895.3051378643 0
931350.9350664283 1929895.084633939 0
931350.764998373 1929894.8641300183 0
931350.5860752647 1929894.6436988215 0
931350.407152147 1929894.4232676297 0
931350.2369929551 1929894.191669436 0
931350.0580698188 1929893.9712382527 0
931349.8790555632 1929893.7397127887 0
931349.7000412955 1929893.508187329 0
931349.5298820635 1929893.2765891515 0
931349.3508677788 1929893.0450637005 0
931349.1717623688 1929892.8024439693 0
931348.9838019022 1929892.5598969674 0
931348.8046964736 1929892.3172772455 0
931348.6167359857 1929892.074730252 0
931348.428775487 1929891.832183262 0
931348.2407238632 1929891.5785419943 0
931348.0526722304 1929891.3249007321 0
931347.8558566486 1929891.082426479 0
931347.6678049933 1929890.8287852241 0
931347.470898276 1929890.575216699 0
931347.2739915467 1929890.3216481789 0
931347.0771759216 1929890.0791739442 0
931346.880269169 1929889.8256054318 0
931346.6833624069 1929889.572036925 0
931346.4863645119 1929889.3073741412 0
931346.2806026759 1929889.0538783683 0
931346.0748408252 1929888.8003826027 0
931345.8689878448 1929888.5357925594 0
931345.67208102 1929888.282224076 0
931345.4663191322 1929888.028728323 0
931345.2605572322 1929887.7752325768 0
931345.0547953197 1929887.5217368337 0
931344.8489422762 1929887.257146815 0
931344.6431803388 1929887.0036510841 0
931344.4284722172 1929886.7391338018 0
931344.222619135 1929886.4745438 0
931344.007819867 1929886.1989322498 0
931343.7931117051 1929885.9344149844 0
931343.587167463 1929885.6587307164 0
931343.3724592743 1929885.394213463 0
931343.1665150053 1929885.1185292033 0
931342.960570723 1929884.8428449486 0
931342.7545353059 1929884.5560664183 0
931342.5396448196 1929884.2693606229 0
931342.3247543187 1929883.982654833 0
931342.1188099836 1929883.7069706002 0
931341.9127745103 1929883.4201920906 0
931341.6978839667 1929883.1334863154 0
931341.491848463 1929882.846707817 0
931341.2858129498 1929882.5599293213 0
931341.0710134867 1929882.2843178448 0
931340.8649779434 1929881.9975393603 0
931340.650087328 1929881.7108336138 0
931340.4351055739 1929881.41303359 0
931340.2203060539 1929881.137422135 0
931340.0141793266 1929880.8395493901 0
931339.7992886532 1929880.5528436638 0
931339.5933441524 1929880.2771594906 0
931339.387399636 1929880.0014753253 0
931339.1815462322 1929879.736885444 0
931338.9756016891 1929879.4612012864 0
931338.7697482592 1929879.1966114151 0
931338.5726587506 1929878.920854534 0
931338.366896422 1929878.667358954 0
931338.1698980152 1929878.4026963634 0
931337.9818457877 1929878.1490553236 0
931337.7938846746 1929877.906508568 0
931337.6147786129 1929877.6638890833 0
931337.4357636691 1929877.432363883 0
931337.2567487179 1929877.2008386867 0
931337.0866799463 1929876.9803350384 0
931336.9165200369 1929876.7487371145 0
931336.7553974423 1929876.5392550183 0
931336.594183708 1929876.3186786445 0
931336.4331522267 1929876.1202908368 0
931336.2720296059 1929875.91080875 0
931336.1109981093 1929875.712420948 0
931335.9588216675 1929875.5139604127 0
931335.7976990255 1929875.3044783366 0
931335.6456137018 1929875.1171120862 0
931335.4934372384 1929874.9186515585 0
931335.3413518987 1929874.7312853152 0
931335.1892665545 1929874.5439190739 0
931335.0371812036 1929874.3565528363 0
931334.8850958437 1929874.1691866007 0
931334.7419566773 1929873.9928419117 0
931334.5897801723 1929873.7943814006 0
931334.4377859267 1929873.6181094525 0
931334.2857005425 1929873.4307432284 0
931334.1425613489 1929873.2543985485 0
931333.9905670842 1929873.0781266093 0
931333.838481678 1929872.8907603943 0
931333.6953424681 1929872.714415722 0
931333.5432570488 1929872.5270495107 0
931333.4088817609 1929872.339537824 0
931333.2657425327 1929872.1631931583 0
931333.1224210308 1929871.9646599342 0
931332.9791906539 1929871.7772209928 0
931332.8448153418 1929871.5897093145 0
931332.7015849545 1929871.4022703776 0
931332.5581722897 1929871.192642882 0
931332.4059956854 1929870.994182409 0
931332.2715292132 1929870.7955764572 0
931332.1192614576 1929870.5860217107 0
931331.9759399021 1929870.3874885058 0
931331.8326183399 1929870.1889553021 0
931331.6892967687 1929869.9904221015 0
931331.5459751931 1929869.791888903 0
931331.4026536108 1929869.5933557078 0
931331.2594231558 1929869.4059167956 0
931331.1248654951 1929869.1962165814 0
931330.9816350271 1929869.008777674 0
931330.8383134183 1929868.810244489 0
931330.6950829375 1929868.6228055859 0
931330.5517613154 1929868.4242724043 0
931330.4173858963 1929868.236760765 0
931330.2740642612 1929868.038227587 0
931330.1308337549 1929867.8507886946 0
931329.9875121065 1929867.652255522 0
931329.8441904514 1929867.4537223533 0
931329.6921048523 1929867.2663562112 0
931329.5487831837 1929867.0678230473 0
931329.3966064324 1929866.8693626288 0
931329.244520815 1929866.6819964945 0
931329.0922529128 1929866.4724418009 0
931328.9489312145 1929866.2739086463 0
931328.7878993624 1929866.0755209832 0
931328.6357225755 1929865.8770605773 0
931328.4835457834 1929865.6786001774 0
931328.3313689822 1929865.4801397787 0
931328.1881383917 1929865.2927009172 0
931328.0448166545 1929865.0941677783 0
931327.9106234082 1929864.9288447392 0
931327.7493180815 1929864.6971742532 0
931327.6060874626 1929864.5097354024 0
931327.4540017631 1929864.3223693008 0
931327.3285724283 1929864.145879245 0